,Close,High,Low,Open,Volume,date,weekday,month
0,5993.25,6006.049805,5982.0,5982.600098,0,02-01-2013,2,1
1,6009.5,6017.0,5986.549805,6015.799805,0,03-01-2013,3,1
2,6016.149902,6020.75,5981.549805,6011.950195,0,04-01-2013,4,1
3,5988.399902,6042.149902,5977.149902,6042.149902,0,07-01-2013,0,1
4,6001.700195,6007.049805,5964.399902,5983.450195,0,08-01-2013,1,1
5,5971.5,6020.100098,5958.450195,6006.200195,0,09-01-2013,2,1
6,5968.649902,6005.149902,5947.299805,5998.799805,0,10-01-2013,3,1
7,5951.299805,6018.850098,5940.600098,6012.399902,0,11-01-2013,4,1
8,6024.049805,6036.899902,5962.149902,5967.200195,0,14-01-2013,0,1
9,6056.600098,6068.5,6018.600098,6037.850098,0,15-01-2013,1,1
10,6001.850098,6055.950195,5992.049805,6049.0,0,16-01-2013,2,1
11,6039.200195,6053.200195,5988.100098,6001.25,0,17-01-2013,3,1
12,6064.399902,6083.399902,6048.299805,6059.850098,0,18-01-2013,4,1
13,6082.299805,6094.350098,6065.100098,6085.75,130900,21-01-2013,0,1
14,6048.5,6101.299805,6040.5,6080.149902,129000,22-01-2013,1,1
15,6054.299805,6069.799805,6021.149902,6052.850098,137000,23-01-2013,2,1
16,6019.350098,6065.299805,6007.850098,6046.200195,185200,24-01-2013,3,1
17,6074.649902,6080.549805,6014.450195,6024.5,147600,25-01-2013,4,1
18,6074.799805,6088.399902,6061.399902,6082.100098,113100,28-01-2013,0,1
19,6049.899902,6111.799805,6042.450195,6064.700195,157600,29-01-2013,1,1
20,6055.75,6071.950195,6044.149902,6065.0,124200,30-01-2013,2,1
21,6034.75,6058.049805,6025.149902,6045.649902,168500,31-01-2013,3,1
22,5998.899902,6052.950195,5983.200195,6040.950195,159300,01-02-2013,4,2
23,5987.25,6038.5,5981.25,6025.200195,141700,04-02-2013,0,2
24,5956.899902,5970.350098,5946.899902,5948.200195,136200,05-02-2013,1,2
25,5959.200195,5990.899902,5953.149902,5988.049805,157800,06-02-2013,2,2
26,5938.799805,5978.5,5927.600098,5936.450195,157600,07-02-2013,3,2
27,5903.5,5953.700195,5883.649902,5929.100098,192600,08-02-2013,4,2
28,5897.850098,5924.149902,5879.100098,5920.049805,122000,11-02-2013,0,2
29,5922.5,5927.649902,5886.450195,5894.350098,142800,12-02-2013,1,2
30,5932.950195,5969.5,5922.950195,5943.149902,142600,13-02-2013,2,2
31,5896.950195,5940.200195,5884.549805,5933.200195,143800,14-02-2013,3,2
32,5887.399902,5899.950195,5853.899902,5869.950195,125100,15-02-2013,4,2
33,5898.200195,5911.0,5878.450195,5888.649902,114300,18-02-2013,0,2
34,5939.700195,5947.549805,5883.149902,5900.200195,101000,19-02-2013,1,2
35,5943.049805,5971.0,5937.549805,5966.299805,135400,20-02-2013,2,2
36,5852.25,5921.149902,5844.399902,5909.649902,159400,21-02-2013,3,2
37,5850.299805,5873.799805,5835.799805,5837.950195,157000,22-02-2013,4,2
38,5854.75,5878.399902,5825.0,5870.549805,125100,25-02-2013,0,2
39,5761.350098,5838.850098,5748.600098,5838.299805,157400,26-02-2013,1,2
40,5796.899902,5818.200195,5749.700195,5784.899902,175200,27-02-2013,2,2
41,5693.049805,5849.899902,5671.899902,5834.350098,334900,28-02-2013,3,2
42,5719.700195,5739.450195,5679.899902,5702.450195,174500,01-03-2013,4,3
43,5698.5,5712.0,5663.600098,5704.700195,144900,04-03-2013,0,3
44,5784.25,5790.100098,5722.399902,5722.450195,154400,05-03-2013,1,3
45,5818.600098,5828.700195,5795.049805,5816.399902,156900,06-03-2013,2,3
46,5863.299805,5878.0,5801.299805,5801.299805,134700,07-03-2013,3,3
47,5945.700195,5952.850098,5883.0,5883.649902,150800,08-03-2013,4,3
48,5942.350098,5971.200195,5930.350098,5946.100098,125400,11-03-2013,0,3
49,5914.100098,5952.0,5893.649902,5944.600098,115900,12-03-2013,1,3
50,5851.200195,5893.850098,5842.25,5884.799805,116700,13-03-2013,2,3
51,5908.950195,5920.149902,5791.75,5845.950195,149000,14-03-2013,3,3
52,5872.600098,5945.649902,5861.0,5914.899902,152200,15-03-2013,4,3
53,5835.25,5850.200195,5814.350098,5816.75,102700,18-03-2013,0,3
54,5745.950195,5863.600098,5724.299805,5859.5,182300,19-03-2013,1,3
55,5694.399902,5745.299805,5682.299805,5740.549805,187600,20-03-2013,2,3
56,5658.75,5757.75,5647.950195,5705.899902,179200,21-03-2013,3,3
57,5651.350098,5691.450195,5631.799805,5659.799805,165300,22-03-2013,4,3
58,5633.850098,5718.399902,5624.399902,5707.299805,150400,25-03-2013,0,3
59,5641.600098,5655.299805,5612.049805,5613.75,126500,26-03-2013,1,3
60,5682.549805,5692.950195,5604.850098,5647.75,209700,28-03-2013,3,3
61,5704.399902,5720.950195,5675.899902,5697.350098,97800,01-04-2013,0,4
62,5748.100098,5754.600098,5687.149902,5701.700195,106400,02-04-2013,1,4
63,5672.899902,5744.950195,5650.100098,5740.200195,140700,03-04-2013,2,4
64,5574.75,5644.450195,5565.649902,5640.649902,134600,04-04-2013,3,4
65,5553.25,5577.299805,5534.700195,5568.100098,137500,05-04-2013,4,4
66,5542.950195,5569.200195,5537.049805,5550.5,97000,08-04-2013,0,4
67,5495.100098,5603.049805,5487.0,5568.75,138200,09-04-2013,1,4
68,5558.700195,5569.25,5477.200195,5536.25,128600,10-04-2013,2,4
69,5594.0,5610.649902,5542.850098,5601.649902,146800,11-04-2013,3,4
70,5528.549805,5544.5,5494.899902,5520.700195,127300,12-04-2013,4,4
71,5568.399902,5592.850098,5500.299805,5508.5,142900,15-04-2013,0,4
72,5688.950195,5699.25,5555.850098,5562.450195,142700,16-04-2013,1,4
73,5688.700195,5732.149902,5669.0,5708.649902,154600,17-04-2013,2,4
74,5783.100098,5794.350098,5681.850098,5682.700195,149900,18-04-2013,3,4
75,5834.399902,5844.850098,5789.799805,5789.850098,135100,22-04-2013,0,4
76,5836.899902,5844.299805,5791.549805,5843.100098,132200,23-04-2013,1,4
77,5916.299805,5924.600098,5853.299805,5856.100098,199600,25-04-2013,3,4
78,5871.450195,5907.049805,5860.5,5899.75,141300,26-04-2013,4,4
79,5904.100098,5918.649902,5868.799805,5877.600098,118900,29-04-2013,0,4
80,5930.200195,5962.299805,5867.799805,5932.600098,153200,30-04-2013,1,4
81,5999.350098,6019.450195,5910.950195,5911.399902,162400,02-05-2013,3,5
82,5944.0,6000.299805,5930.149902,5993.5,145800,03-05-2013,4,5
83,5971.049805,5976.5,5928.450195,5944.899902,110200,06-05-2013,0,5
84,6043.549805,6050.5,5982.950195,5983.450195,136400,07-05-2013,1,5
85,6069.299805,6083.549805,6024.950195,6064.149902,122300,08-05-2013,2,5
86,6050.149902,6084.700195,6040.450195,6078.350098,110000,09-05-2013,3,5
87,6094.75,6105.299805,6045.600098,6046.25,111400,10-05-2013,4,5
88,5980.450195,6104.950195,5972.899902,6098.200195,107900,13-05-2013,0,5
89,5995.399902,6026.200195,5970.049805,5989.700195,119300,14-05-2013,1,5
90,6146.75,6157.100098,6018.850098,6018.850098,153900,15-05-2013,2,5
91,6169.899902,6187.299805,6128.25,6128.25,158600,16-05-2013,3,5
92,6187.299805,6199.950195,6146.149902,6172.950195,147300,17-05-2013,4,5
93,6156.899902,6229.450195,6146.049805,6198.0,122300,20-05-2013,0,5
94,6114.100098,6180.25,6102.350098,6152.350098,130600,21-05-2013,1,5
95,6094.5,6147.600098,6074.450195,6127.049805,133800,22-05-2013,2,5
96,5967.049805,6081.450195,5955.700195,6050.399902,198900,23-05-2013,3,5
97,5983.549805,6015.299805,5936.799805,6010.700195,161600,24-05-2013,4,5
98,6083.149902,6099.899902,5975.549805,5989.399902,115100,27-05-2013,0,5
99,6111.25,6127.649902,6055.399902,6086.350098,139700,28-05-2013,1,5
100,6104.299805,6125.049805,6069.799805,6120.450195,120200,29-05-2013,2,5
101,6124.049805,6133.75,6072.149902,6072.149902,194100,30-05-2013,3,5
102,5985.950195,6106.25,5975.549805,6098.700195,175300,31-05-2013,4,5
103,5939.299805,6011.0,5916.350098,5997.350098,112100,03-06-2013,0,6
104,5919.450195,5981.600098,5910.25,5941.100098,114500,04-06-2013,1,6
105,5923.850098,5935.200195,5883.700195,5908.299805,110200,05-06-2013,2,6
106,5921.399902,5956.549805,5869.5,5895.0,114200,06-06-2013,3,6
107,5881.0,5972.700195,5871.299805,5900.049805,118300,07-06-2013,4,6
108,5878.0,5931.649902,5857.399902,5907.899902,100100,10-06-2013,0,6
109,5788.799805,5868.049805,5780.350098,5848.75,180900,11-06-2013,1,6
110,5760.200195,5792.899902,5738.600098,5771.75,140400,12-06-2013,2,6
111,5699.100098,5729.850098,5683.100098,5709.350098,142000,13-06-2013,3,6
112,5808.399902,5819.399902,5739.399902,5748.950195,124400,14-06-2013,4,6
113,5850.049805,5854.899902,5770.25,5820.399902,107200,17-06-2013,0,6
114,5813.600098,5863.399902,5804.299805,5841.899902,117500,18-06-2013,1,6
115,5822.25,5828.399902,5777.899902,5805.75,115500,19-06-2013,2,6
116,5655.899902,5755.0,5645.649902,5754.149902,198400,20-06-2013,3,6
117,5667.649902,5686.149902,5616.850098,5639.899902,182400,21-06-2013,4,6
118,5590.25,5640.0,5566.25,5638.049805,193500,24-06-2013,0,6
119,5609.100098,5666.25,5570.25,5606.950195,196600,25-06-2013,1,6
120,5588.700195,5635.25,5579.350098,5627.950195,160100,26-06-2013,2,6
121,5682.350098,5699.350098,5630.950195,5647.950195,239000,27-06-2013,3,6
122,5842.200195,5852.950195,5749.5,5749.5,214400,28-06-2013,4,6
123,5898.850098,5904.350098,5822.200195,5834.100098,144800,01-07-2013,0,7
124,5857.549805,5898.799805,5852.299805,5885.5,145700,02-07-2013,1,7
125,5770.899902,5815.0,5760.399902,5811.950195,160500,03-07-2013,2,7
126,5836.950195,5848.200195,5786.049805,5794.75,151900,04-07-2013,3,7
127,5867.899902,5900.450195,5858.450195,5889.950195,123600,05-07-2013,4,7
128,5811.549805,5833.850098,5775.549805,5833.149902,127600,08-07-2013,0,7
129,5859.0,5864.950195,5834.600098,5834.600098,110400,09-07-2013,1,7
130,5816.700195,5879.350098,5802.850098,5869.899902,117500,10-07-2013,2,7
131,5935.100098,5948.850098,5887.950195,5894.5,120200,11-07-2013,3,7
132,6009.0,6019.0,5951.149902,6000.5,127700,12-07-2013,4,7
133,6030.799805,6038.200195,5980.950195,5991.200195,116300,15-07-2013,0,7
134,5955.25,5966.049805,5910.950195,5930.799805,151200,16-07-2013,1,7
135,5973.299805,5989.799805,5926.75,5972.25,191500,17-07-2013,2,7
136,6038.049805,6051.100098,5974.549805,5984.700195,171700,18-07-2013,3,7
137,6029.200195,6066.850098,6020.25,6057.200195,163300,19-07-2013,4,7
138,6031.799805,6064.149902,6004.25,6009.75,115200,22-07-2013,0,7
139,6077.799805,6093.350098,6061.299805,6064.299805,126500,23-07-2013,1,7
140,5990.5,6047.25,5962.600098,6032.200195,151900,24-07-2013,2,7
141,5907.5,5990.649902,5896.399902,5970.399902,237100,25-07-2013,3,7
142,5886.200195,5944.5,5869.5,5937.950195,174500,26-07-2013,4,7
143,5831.649902,5886.0,5825.799805,5869.950195,173400,29-07-2013,0,7
144,5755.049805,5861.299805,5747.600098,5836.049805,181500,30-07-2013,1,7
145,5742.0,5752.100098,5675.75,5738.350098,235500,31-07-2013,2,7
146,5727.850098,5808.5,5676.850098,5776.899902,216800,01-08-2013,3,8
147,5677.899902,5761.850098,5649.0,5750.049805,222500,02-08-2013,4,8
148,5685.399902,5721.0,5661.5,5682.399902,197200,05-08-2013,0,8
149,5542.25,5664.899902,5521.799805,5664.899902,216200,06-08-2013,1,8
150,5519.100098,5561.450195,5486.850098,5549.299805,245000,07-08-2013,2,8
151,5565.649902,5577.600098,5510.049805,5510.049805,204900,08-08-2013,3,8
152,5612.399902,5644.100098,5557.100098,5606.700195,195700,12-08-2013,0,8
153,5699.299805,5704.75,5578.899902,5600.25,223000,13-08-2013,1,8
154,5742.299805,5754.549805,5690.200195,5715.399902,223700,14-08-2013,2,8
155,5507.850098,5716.600098,5496.049805,5705.450195,248100,16-08-2013,4,8
156,5414.75,5499.649902,5360.649902,5497.549805,219700,19-08-2013,0,8
157,5401.450195,5417.799805,5306.350098,5353.450195,261100,20-08-2013,1,8
158,5302.549805,5504.100098,5268.450195,5494.450195,255000,21-08-2013,2,8
159,5408.450195,5418.950195,5254.049805,5282.799805,284500,22-08-2013,3,8
160,5471.75,5478.799805,5377.799805,5428.75,251500,23-08-2013,4,8
161,5476.5,5528.700195,5454.450195,5499.399902,242000,26-08-2013,0,8
162,5287.450195,5427.399902,5274.25,5426.5,306000,27-08-2013,1,8
163,5285.0,5317.700195,5118.850098,5233.450195,336000,28-08-2013,2,8
164,5409.049805,5428.899902,5303.0,5316.5,326500,29-08-2013,3,8
165,5471.799805,5493.299805,5360.200195,5407.450195,336400,30-08-2013,4,8
166,5550.75,5564.899902,5478.850098,5480.25,214200,02-09-2013,0,9
167,5341.450195,5580.950195,5323.75,5574.700195,250300,03-09-2013,1,9
168,5448.100098,5460.25,5318.899902,5358.649902,237200,04-09-2013,2,9
169,5592.950195,5625.75,5552.700195,5553.75,274900,05-09-2013,3,9
170,5680.399902,5688.600098,5566.149902,5617.450195,253000,06-09-2013,4,9
171,5896.75,5904.850098,5738.200195,5738.5,275200,10-09-2013,1,9
172,5913.149902,5924.350098,5832.700195,5887.25,265000,11-09-2013,2,9
173,5850.700195,5932.0,5815.799805,5931.149902,273000,12-09-2013,3,9
174,5850.600098,5884.299805,5822.899902,5828.0,190800,13-09-2013,4,9
175,5840.549805,5957.25,5798.149902,5930.299805,219500,16-09-2013,0,9
176,5850.200195,5857.799805,5804.899902,5824.200195,157900,17-09-2013,1,9
177,5899.450195,5916.899902,5840.200195,5872.75,153600,18-09-2013,2,9
178,6115.549805,6142.5,6040.149902,6044.149902,287200,19-09-2013,3,9
179,6012.100098,6130.950195,5932.850098,6104.549805,318600,20-09-2013,4,9
180,5889.75,5989.399902,5871.399902,5945.799805,188300,23-09-2013,0,9
181,5892.450195,5938.399902,5854.549805,5855.0,187600,24-09-2013,1,9
182,5873.850098,5910.549805,5811.100098,5901.549805,200200,25-09-2013,2,9
183,5882.25,5917.649902,5864.100098,5872.799805,220600,26-09-2013,3,9
184,5833.200195,5909.200195,5819.299805,5905.549805,163100,27-09-2013,4,9
185,5735.299805,5810.200195,5718.5,5801.049805,155700,30-09-2013,0,9
186,5780.049805,5786.450195,5700.950195,5756.100098,159200,01-10-2013,1,10
187,5909.700195,5917.600098,5802.700195,5819.100098,199800,03-10-2013,3,10
188,5907.299805,5950.450195,5885.0,5891.299805,191500,04-10-2013,4,10
189,5906.149902,5912.0,5825.850098,5889.049805,156400,07-10-2013,0,10
190,5928.399902,5981.700195,5913.0,5975.0,158500,08-10-2013,1,10
191,6007.450195,6015.5,5877.100098,5893.25,192000,09-10-2013,2,10
192,6020.950195,6033.950195,5979.799805,6001.049805,159600,10-10-2013,3,10
193,6096.200195,6107.600098,6046.399902,6104.850098,180800,11-10-2013,4,10
194,6112.700195,6124.100098,6082.899902,6093.0,142200,14-10-2013,0,10
195,6089.049805,6156.299805,6056.549805,6147.549805,218300,15-10-2013,1,10
196,6045.850098,6110.75,6032.549805,6098.5,230600,17-10-2013,3,10
197,6189.350098,6201.450195,6070.899902,6070.899902,250300,18-10-2013,4,10
198,6204.950195,6218.950195,6163.299805,6202.0,197000,21-10-2013,0,10
199,6202.799805,6220.100098,6181.799805,6192.299805,161900,22-10-2013,1,10
200,6178.350098,6217.950195,6116.600098,6209.549805,188300,23-10-2013,2,10
201,6164.350098,6252.450195,6142.950195,6162.799805,148900,24-10-2013,3,10
202,6144.899902,6174.75,6125.950195,6154.0,144500,25-10-2013,4,10
203,6101.100098,6168.75,6094.100098,6155.100098,146300,28-10-2013,0,10
204,6220.899902,6228.049805,6079.200195,6107.549805,197300,29-10-2013,1,10
205,6251.700195,6269.200195,6222.600098,6230.799805,177600,30-10-2013,2,10
206,6299.149902,6309.049805,6235.899902,6237.149902,239600,31-10-2013,3,10
207,6307.200195,6332.600098,6286.950195,6289.75,191600,01-11-2013,4,11
208,6253.149902,6304.75,6244.299805,6282.149902,181100,05-11-2013,1,11
209,6215.149902,6269.700195,6208.700195,6260.549805,157100,06-11-2013,2,11
210,6187.25,6288.950195,6180.799805,6228.899902,168800,07-11-2013,3,11
211,6140.75,6185.149902,6120.950195,6170.149902,150100,08-11-2013,4,11
212,6078.799805,6141.649902,6067.75,6110.399902,146100,11-11-2013,0,11
213,6018.049805,6108.700195,6011.75,6087.25,153800,12-11-2013,1,11
214,5989.600098,6042.25,5972.450195,5998.850098,162500,13-11-2013,2,11
215,6056.149902,6101.649902,6036.649902,6037.0,154900,14-11-2013,3,11
216,6189.0,6196.799805,6110.399902,6111.049805,164000,18-11-2013,0,11
217,6203.350098,6212.399902,6180.200195,6197.25,161500,19-11-2013,1,11
218,6122.899902,6204.350098,6106.950195,6186.850098,155800,20-11-2013,2,11
219,5999.049805,6097.350098,5985.399902,6096.5,137200,21-11-2013,3,11
220,5995.450195,6049.600098,5972.799805,6027.350098,134800,22-11-2013,4,11
221,6115.350098,6123.5,6035.950195,6035.950195,127200,25-11-2013,0,11
222,6059.100098,6112.700195,6047.75,6099.25,150700,26-11-2013,1,11
223,6057.100098,6074.0,6030.299805,6062.700195,124900,27-11-2013,2,11
224,6091.850098,6112.950195,6068.299805,6092.0,195300,28-11-2013,3,11
225,6176.100098,6182.5,6103.799805,6103.899902,190700,29-11-2013,4,11
226,6217.850098,6228.700195,6171.149902,6171.149902,145900,02-12-2013,0,12
227,6201.850098,6225.399902,6191.399902,6204.25,156900,03-12-2013,1,12
228,6160.950195,6209.149902,6149.899902,6187.950195,186200,04-12-2013,2,12
229,6241.100098,6300.549805,6232.0,6262.450195,186100,05-12-2013,3,12
230,6259.899902,6275.350098,6230.75,6234.399902,158500,06-12-2013,4,12
231,6363.899902,6415.25,6345.0,6415.0,198300,09-12-2013,0,12
232,6332.850098,6362.25,6307.549805,6354.700195,242400,10-12-2013,1,12
233,6307.899902,6326.600098,6280.25,6307.200195,148200,11-12-2013,2,12
234,6237.049805,6286.850098,6230.549805,6276.75,148500,12-12-2013,3,12
235,6168.399902,6208.600098,6161.399902,6201.299805,169700,13-12-2013,4,12
236,6154.700195,6183.25,6146.049805,6168.350098,146500,16-12-2013,0,12
237,6139.049805,6190.549805,6133.0,6178.200195,154200,17-12-2013,1,12
238,6217.149902,6236.0,6129.950195,6129.950195,243300,18-12-2013,2,12
239,6166.649902,6263.75,6150.700195,6253.899902,437000,19-12-2013,3,12
240,6274.25,6284.5,6170.350098,6179.950195,172000,20-12-2013,4,12
241,6284.5,6317.5,6266.950195,6267.200195,131200,23-12-2013,0,12
242,6268.399902,6301.5,6262.0,6296.450195,107600,24-12-2013,1,12
243,6278.899902,6302.75,6259.450195,6270.100098,182300,26-12-2013,3,12
244,6313.799805,6324.899902,6289.399902,6292.799805,96900,27-12-2013,4,12
245,6291.100098,6344.049805,6273.149902,6336.399902,101300,30-12-2013,0,12
246,6304.0,6317.299805,6287.299805,6307.350098,103400,31-12-2013,1,12
247,6221.149902,6358.299805,6211.299805,6301.25,158100,02-01-2014,3,1
248,6211.149902,6221.700195,6171.25,6194.549805,139000,03-01-2014,4,1
249,6191.450195,6224.700195,6170.25,6220.850098,118300,06-01-2014,0,1
250,6162.25,6221.5,6144.75,6203.899902,138600,07-01-2014,1,1
251,6174.600098,6192.100098,6160.350098,6178.049805,146900,08-01-2014,2,1
252,6168.350098,6188.049805,6148.25,6181.700195,150100,09-01-2014,3,1
253,6171.450195,6239.100098,6139.600098,6178.850098,159900,10-01-2014,4,1
254,6272.75,6288.200195,6189.549805,6189.549805,135000,13-01-2014,0,1
255,6241.850098,6280.350098,6234.149902,6260.25,110200,14-01-2014,1,1
256,6320.899902,6325.200195,6265.299805,6265.950195,145900,15-01-2014,2,1
257,6318.899902,6346.5,6299.850098,6341.350098,153400,16-01-2014,3,1
258,6261.649902,6327.100098,6246.350098,6306.25,167700,17-01-2014,4,1
259,6303.950195,6307.450195,6243.350098,6261.75,122100,20-01-2014,0,1
260,6313.799805,6330.299805,6297.899902,6320.149902,141700,21-01-2014,1,1
261,6338.950195,6349.950195,6287.450195,6309.049805,137500,22-01-2014,2,1
262,6345.649902,6355.600098,6316.399902,6325.950195,120100,23-01-2014,3,1
263,6266.75,6331.450195,6263.899902,6301.649902,160300,24-01-2014,4,1
264,6135.850098,6188.549805,6130.25,6186.299805,190400,27-01-2014,0,1
265,6126.25,6163.600098,6085.950195,6131.850098,184100,28-01-2014,1,1
266,6120.25,6170.450195,6109.799805,6161.0,146700,29-01-2014,2,1
267,6073.700195,6082.850098,6027.25,6067.0,208100,30-01-2014,3,1
268,6089.5,6097.850098,6067.350098,6082.75,146700,31-01-2014,4,1
269,6001.799805,6074.850098,5994.450195,6058.799805,134900,03-02-2014,0,2
270,6000.899902,6017.799805,5933.299805,5947.600098,183300,04-02-2014,1,2
271,6022.399902,6028.049805,5962.049805,6004.25,166600,05-02-2014,2,2
272,6036.299805,6048.350098,5965.399902,6028.350098,185500,06-02-2014,3,2
273,6063.200195,6079.950195,6030.899902,6077.649902,181900,07-02-2014,4,2
274,6053.450195,6083.049805,6046.399902,6072.799805,133100,10-02-2014,0,2
275,6062.700195,6081.850098,6053.25,6072.450195,150500,11-02-2014,1,2
276,6084.0,6106.600098,6077.399902,6085.350098,138500,12-02-2014,2,2
277,6001.100098,6094.399902,5991.100098,6087.549805,153700,13-02-2014,3,2
278,6048.350098,6056.399902,5984.600098,6023.75,140200,14-02-2014,4,2
279,6127.100098,6141.700195,6066.799805,6071.299805,126600,18-02-2014,1,2
280,6152.75,6160.350098,6125.75,6132.049805,95200,19-02-2014,2,2
281,6091.450195,6129.100098,6086.450195,6127.149902,132100,20-02-2014,3,2
282,6155.450195,6159.649902,6108.0,6108.299805,112600,21-02-2014,4,2
283,6186.100098,6191.850098,6130.799805,6140.950195,144900,24-02-2014,0,2
284,6200.049805,6216.850098,6176.600098,6205.700195,146300,25-02-2014,1,2
285,6238.799805,6245.950195,6202.100098,6202.450195,181700,26-02-2014,2,2
286,6276.950195,6282.700195,6228.100098,6228.450195,180600,28-02-2014,4,2
287,6221.450195,6277.75,6212.25,6264.350098,144600,03-03-2014,0,3
288,6297.950195,6302.149902,6215.700195,6216.75,166800,04-03-2014,1,3
289,6328.649902,6336.25,6287.799805,6328.450195,160300,05-03-2014,2,3
290,6401.149902,6406.600098,6339.700195,6344.75,180700,06-03-2014,3,3
291,6526.649902,6537.799805,6413.549805,6413.950195,284900,07-03-2014,4,3
292,6537.25,6562.200195,6487.350098,6491.700195,242100,10-03-2014,0,3
293,6511.899902,6562.850098,6494.25,6537.350098,239000,11-03-2014,1,3
294,6516.899902,6546.149902,6487.299805,6497.5,175000,12-03-2014,2,3
295,6493.100098,6561.450195,6476.649902,6491.75,167900,13-03-2014,3,3
296,6504.200195,6518.450195,6432.700195,6447.25,177300,14-03-2014,4,3
297,6516.649902,6574.950195,6497.649902,6532.450195,179300,18-03-2014,1,3
298,6524.049805,6541.200195,6506.0,6530.0,172500,19-03-2014,2,3
299,6483.100098,6523.649902,6473.25,6508.350098,142000,20-03-2014,3,3
300,6493.200195,6522.899902,6485.700195,6515.200195,189900,21-03-2014,4,3
301,6583.5,6591.5,6510.5,6510.5,158400,24-03-2014,0,3
302,6589.75,6595.549805,6544.850098,6550.100098,168100,25-03-2014,1,3
303,6601.399902,6627.450195,6580.600098,6615.649902,186600,26-03-2014,2,3
304,6641.75,6673.950195,6599.5,6613.100098,312400,27-03-2014,3,3
305,6695.899902,6702.600098,6643.799805,6673.049805,184800,28-03-2014,4,3
306,6704.200195,6730.049805,6662.399902,6723.149902,220600,31-03-2014,0,3
307,6721.049805,6732.25,6675.450195,6729.5,177800,01-04-2014,1,4
308,6752.549805,6763.5,6723.600098,6757.600098,173300,02-04-2014,2,4
309,6736.100098,6776.75,6696.899902,6772.049805,197500,03-04-2014,3,4
310,6694.350098,6741.850098,6685.149902,6741.850098,155100,04-04-2014,4,4
311,6695.049805,6725.149902,6650.399902,6694.25,133900,07-04-2014,0,4
312,6796.200195,6808.700195,6705.100098,6722.0,169800,09-04-2014,2,4
313,6796.399902,6819.049805,6777.299805,6803.049805,191100,10-04-2014,3,4
314,6776.299805,6789.350098,6743.149902,6758.350098,140700,11-04-2014,4,4
315,6733.100098,6813.399902,6711.75,6792.700195,123200,15-04-2014,1,4
316,6675.299805,6748.649902,6665.149902,6727.25,119800,16-04-2014,2,4
317,6779.399902,6783.049805,6684.399902,6695.450195,131500,17-04-2014,3,4
318,6817.649902,6825.450195,6786.899902,6789.25,111800,21-04-2014,0,4
319,6815.350098,6838.0,6806.25,6822.899902,114700,22-04-2014,1,4
320,6840.799805,6861.600098,6820.75,6823.25,183000,23-04-2014,2,4
321,6782.75,6869.850098,6772.850098,6855.799805,154300,25-04-2014,4,4
322,6761.25,6786.25,6750.299805,6778.549805,118200,28-04-2014,0,4
323,6715.25,6779.700195,6708.649902,6769.0,115500,29-04-2014,1,4
324,6696.399902,6780.149902,6656.799805,6724.950195,161100,30-04-2014,2,4
325,6694.799805,6737.649902,6689.5,6709.950195,114300,02-05-2014,4,5
326,6699.350098,6741.049805,6680.450195,6681.649902,105000,05-05-2014,0,5
327,6715.299805,6743.450195,6701.899902,6719.25,88300,06-05-2014,1,5
328,6652.549805,6718.75,6642.899902,6708.600098,114100,07-05-2014,2,5
329,6659.850098,6688.399902,6638.549805,6669.899902,101600,08-05-2014,3,5
330,6858.799805,6871.350098,6652.149902,6654.149902,166400,09-05-2014,4,5
331,7014.25,7020.049805,6862.899902,6863.399902,157700,12-05-2014,0,5
332,7108.75,7172.350098,7067.149902,7080.0,232200,13-05-2014,1,5
333,7108.75,7142.25,7080.899902,7112.0,177200,14-05-2014,2,5
334,7123.149902,7152.549805,7082.549805,7111.299805,186800,15-05-2014,3,5
335,7203.0,7563.5,7130.649902,7270.200195,393200,16-05-2014,4,5
336,7263.549805,7291.100098,7193.549805,7276.850098,316200,19-05-2014,0,5
337,7275.5,7353.649902,7247.700195,7309.950195,255300,20-05-2014,1,5
338,7252.899902,7287.149902,7206.700195,7274.850098,203100,21-05-2014,2,5
339,7276.399902,7319.549805,7258.149902,7289.950195,240900,22-05-2014,3,5
340,7367.100098,7381.0,7293.899902,7306.5,259600,23-05-2014,4,5
341,7359.049805,7504.0,7269.049805,7428.75,273200,26-05-2014,0,5
342,7318.0,7372.950195,7274.75,7363.100098,168600,27-05-2014,1,5
343,7329.649902,7344.75,7302.600098,7324.950195,175600,28-05-2014,2,5
344,7235.649902,7325.399902,7224.399902,7316.600098,241100,29-05-2014,3,5
345,7229.950195,7272.5,7118.450195,7254.850098,312200,30-05-2014,4,5
346,7362.5,7368.600098,7239.5,7264.049805,169900,02-06-2014,0,6
347,7415.850098,7424.950195,7342.149902,7375.350098,234700,03-06-2014,1,6
348,7402.25,7433.299805,7391.350098,7417.549805,204600,04-06-2014,2,6
349,7474.100098,7484.700195,7360.5,7399.75,250700,05-06-2014,3,6
350,7583.399902,7592.700195,7497.649902,7521.5,248400,06-06-2014,4,6
351,7654.600098,7673.700195,7580.25,7621.649902,231900,09-06-2014,0,6
352,7656.399902,7683.200195,7579.299805,7679.049805,188700,10-06-2014,1,6
353,7626.850098,7700.049805,7589.049805,7672.399902,186200,11-06-2014,2,6
354,7649.899902,7658.0,7593.799805,7641.299805,148200,12-06-2014,3,6
355,7542.100098,7678.5,7525.350098,7668.200195,174500,13-06-2014,4,6
356,7533.549805,7548.600098,7487.549805,7534.799805,155400,16-06-2014,0,6
357,7631.700195,7637.600098,7509.25,7525.049805,158000,17-06-2014,1,6
358,7558.200195,7663.0,7515.5,7636.049805,165100,18-06-2014,2,6
359,7540.700195,7606.450195,7502.549805,7580.049805,148900,19-06-2014,3,6
360,7511.450195,7560.549805,7497.299805,7543.299805,124100,20-06-2014,4,6
361,7493.350098,7534.799805,7441.600098,7514.0,127400,23-06-2014,0,6
362,7580.200195,7593.350098,7515.200195,7515.200195,137000,24-06-2014,1,6
363,7569.25,7589.25,7557.049805,7588.549805,115000,25-06-2014,2,6
364,7493.200195,7570.200195,7481.299805,7554.100098,171700,26-06-2014,3,6
365,7508.799805,7538.75,7482.299805,7514.200195,126700,27-06-2014,4,6
366,7611.350098,7623.649902,7531.600098,7534.049805,152300,30-06-2014,0,6
367,7634.700195,7649.5,7618.149902,7629.0,139400,01-07-2014,1,7
368,7725.149902,7732.399902,7677.299805,7683.049805,136300,02-07-2014,2,7
369,7714.799805,7754.649902,7706.799805,7734.350098,133800,03-07-2014,3,7
370,7751.600098,7758.0,7661.299805,7718.100098,113100,04-07-2014,4,7
371,7787.149902,7792.0,7755.100098,7780.399902,173900,07-07-2014,0,7
372,7623.200195,7808.850098,7595.899902,7804.049805,180600,08-07-2014,1,7
373,7585.0,7650.100098,7551.649902,7637.950195,168300,09-07-2014,2,7
374,7567.75,7731.049805,7479.049805,7589.5,258400,10-07-2014,3,7
375,7459.600098,7625.850098,7447.200195,7584.100098,187600,11-07-2014,4,7
376,7454.149902,7478.450195,7422.149902,7469.0,135200,14-07-2014,0,7
377,7526.649902,7534.899902,7459.149902,7491.299805,122100,15-07-2014,1,7
378,7624.399902,7640.100098,7532.450195,7564.149902,168000,16-07-2014,2,7
379,7640.450195,7655.649902,7612.700195,7612.700195,141600,17-07-2014,3,7
380,7663.899902,7685.0,7595.5,7630.25,134600,18-07-2014,4,7
381,7684.200195,7722.100098,7674.0,7701.649902,105400,21-07-2014,0,7
382,7767.850098,7773.850098,7704.799805,7708.200195,120100,22-07-2014,1,7
383,7795.75,7809.200195,7752.899902,7794.899902,122100,23-07-2014,2,7
384,7830.600098,7835.649902,7771.649902,7796.25,117600,24-07-2014,3,7
385,7790.450195,7840.950195,7748.600098,7828.200195,153900,25-07-2014,4,7
386,7748.700195,7799.899902,7722.649902,7792.899902,116500,28-07-2014,0,7
387,7791.399902,7798.700195,7707.600098,7746.200195,178100,30-07-2014,2,7
388,7721.299805,7791.850098,7711.149902,7784.649902,208900,31-07-2014,3,7
389,7602.600098,7716.700195,7593.899902,7662.5,181100,01-08-2014,4,8
390,7683.649902,7694.799805,7622.049805,7639.549805,137000,04-08-2014,0,8
391,7746.549805,7752.450195,7638.049805,7706.649902,128200,05-08-2014,1,8
392,7672.049805,7740.950195,7658.950195,7726.149902,116400,06-08-2014,2,8
393,7649.25,7708.950195,7630.399902,7651.149902,116800,07-08-2014,3,8
394,7568.549805,7592.450195,7540.100098,7588.700195,118400,08-08-2014,4,8
395,7625.950195,7635.549805,7598.600098,7619.850098,107000,11-08-2014,0,8
396,7727.049805,7735.75,7654.799805,7688.799805,120600,12-08-2014,1,8
397,7739.549805,7757.100098,7695.700195,7717.299805,154100,13-08-2014,2,8
398,7791.700195,7796.700195,7739.100098,7756.149902,127300,14-08-2014,3,8
399,7874.25,7880.5,7779.200195,7785.25,126700,18-08-2014,0,8
400,7897.5,7918.549805,7881.149902,7901.0,140600,19-08-2014,1,8
401,7875.299805,7922.700195,7864.049805,7915.799805,117300,20-08-2014,2,8
402,7891.100098,7919.649902,7855.950195,7875.350098,115200,21-08-2014,3,8
403,7913.200195,7929.049805,7900.049805,7904.549805,104100,22-08-2014,4,8
404,7906.299805,7968.25,7897.950195,7931.75,118500,25-08-2014,0,8
405,7904.75,7915.450195,7862.450195,7874.5,142800,26-08-2014,1,8
406,7936.049805,7946.850098,7916.549805,7933.899902,120000,27-08-2014,2,8
407,7954.350098,7967.799805,7939.200195,7942.25,189700,28-08-2014,3,8
408,8027.700195,8035.0,7984.0,7990.350098,139300,01-09-2014,0,9
409,8083.049805,8101.950195,8036.549805,8038.600098,134900,02-09-2014,1,9
410,8114.600098,8141.899902,8092.25,8110.850098,150700,03-09-2014,2,9
411,8095.950195,8114.799805,8060.899902,8114.200195,141300,04-09-2014,3,9
412,8086.850098,8122.700195,8049.850098,8099.899902,126000,05-09-2014,4,9
413,8173.899902,8180.200195,8126.149902,8132.950195,120700,08-09-2014,0,9
414,8152.950195,8174.549805,8126.5,8161.899902,104700,09-09-2014,1,9
415,8094.100098,8135.75,8082.100098,8135.549805,107100,10-09-2014,2,9
416,8085.700195,8127.950195,8057.299805,8115.149902,122800,11-09-2014,3,9
417,8105.5,8114.299805,8071.600098,8087.049805,111400,12-09-2014,4,9
418,8042.0,8077.299805,8030.0,8070.350098,96500,15-09-2014,0,9
419,7932.899902,8044.899902,7925.149902,8036.600098,128000,16-09-2014,1,9
420,7975.5,7990.649902,7936.950195,7971.5,123700,17-09-2014,2,9
421,8114.75,8120.850098,7939.700195,7950.649902,116900,18-09-2014,3,9
422,8121.450195,8160.899902,8105.350098,8129.399902,161300,19-09-2014,4,9
423,8146.299805,8159.899902,8064.799805,8084.450195,105500,22-09-2014,0,9
424,8017.549805,8159.75,8008.100098,8144.399902,140800,23-09-2014,1,9
425,8002.399902,8042.049805,7950.049805,8015.549805,182200,24-09-2014,2,9
426,7911.850098,8019.299805,7877.350098,8003.299805,231900,25-09-2014,3,9
427,7968.850098,7993.299805,7841.799805,7885.850098,147800,26-09-2014,4,9
428,7958.899902,7991.75,7934.700195,7978.450195,97300,29-09-2014,0,9
429,7964.799805,8030.899902,7923.850098,7948.799805,141100,30-09-2014,1,9
430,7945.549805,7977.5,7936.700195,7960.5,113000,01-10-2014,2,10
431,7852.399902,7943.049805,7842.700195,7897.399902,148200,07-10-2014,1,10
432,7842.700195,7869.899902,7815.75,7828.75,135900,08-10-2014,2,10
433,7960.549805,7972.350098,7886.5,7886.5,123800,09-10-2014,3,10
434,7859.950195,7924.049805,7848.450195,7911.0,142900,10-10-2014,4,10
435,7884.25,7901.149902,7796.0,7831.0,118800,13-10-2014,0,10
436,7864.0,7928.0,7825.450195,7923.25,225500,14-10-2014,1,10
437,7748.200195,7893.899902,7729.649902,7837.299805,213500,16-10-2014,3,10
438,7779.700195,7819.200195,7723.850098,7733.75,177600,17-10-2014,4,10
439,7879.399902,7905.950195,7856.950195,7896.950195,176200,20-10-2014,0,10
440,7927.75,7936.600098,7874.350098,7906.149902,163400,21-10-2014,1,10
441,7995.899902,8005.0,7974.549805,7997.799805,151100,22-10-2014,2,10
442,7991.700195,8064.399902,7985.649902,8064.350098,132800,27-10-2014,0,10
443,8027.600098,8037.799805,7995.049805,8002.399902,124100,28-10-2014,1,10
444,8090.450195,8097.950195,8052.25,8077.049805,148300,29-10-2014,2,10
445,8169.200195,8181.549805,8085.200195,8085.200195,205700,30-10-2014,3,10
446,8322.200195,8330.75,8198.049805,8200.799805,176200,31-10-2014,4,10
447,8324.150391,8350.599609,8297.650391,8348.150391,141100,03-11-2014,0,11
448,8338.299805,8365.549805,8323.5,8351.25,161600,05-11-2014,2,11
449,8337.0,8360.349609,8290.25,8331.849609,153400,07-11-2014,4,11
450,8344.25,8383.049805,8304.450195,8337.799805,130700,10-11-2014,0,11
451,8362.650391,8378.700195,8321.849609,8354.099609,122000,11-11-2014,1,11
452,8383.299805,8415.049805,8370.5,8378.900391,125200,12-11-2014,2,11
453,8357.849609,8408.0,8320.349609,8405.25,127400,13-11-2014,3,11
454,8389.900391,8400.650391,8346.799805,8360.700195,146800,14-11-2014,4,11
455,8430.75,8438.099609,8349.099609,8378.400391,113900,17-11-2014,0,11
456,8425.900391,8454.5,8407.25,8441.25,134700,18-11-2014,1,11
457,8382.299805,8455.650391,8360.5,8440.650391,125400,19-11-2014,2,11
458,8401.900391,8410.849609,8353.150391,8406.5,122800,20-11-2014,3,11
459,8477.349609,8489.799805,8398.599609,8408.200195,137000,21-11-2014,4,11
460,8530.150391,8534.650391,8490.799805,8490.950195,140700,24-11-2014,0,11
461,8463.099609,8535.349609,8429.450195,8530.799805,271900,25-11-2014,1,11
462,8475.75,8500.299805,8438.650391,8450.299805,151900,26-11-2014,2,11
463,8494.200195,8506.75,8456.349609,8477.799805,194300,27-11-2014,3,11
464,8588.25,8617.0,8516.25,8516.799805,197200,28-11-2014,4,11
465,8555.900391,8623.0,8545.150391,8605.099609,152000,01-12-2014,0,12
466,8524.700195,8560.200195,8504.650391,8535.450195,137400,02-12-2014,1,12
467,8537.650391,8546.950195,8508.349609,8528.700195,153200,03-12-2014,2,12
468,8564.400391,8626.950195,8526.400391,8582.400391,143500,04-12-2014,3,12
469,8538.299805,8588.349609,8523.900391,8584.25,143300,05-12-2014,4,12
470,8438.25,8546.349609,8432.25,8538.650391,163800,08-12-2014,0,12
471,8340.700195,8444.5,8330.5,8439.299805,146300,09-12-2014,1,12
472,8355.650391,8376.799805,8317.0,8318.049805,136700,10-12-2014,2,12
473,8292.900391,8348.299805,8272.400391,8338.849609,133900,11-12-2014,3,12
474,8224.099609,8321.900391,8216.299805,8302.0,138100,12-12-2014,4,12
475,8219.599609,8242.400391,8152.5,8160.75,137100,15-12-2014,0,12
476,8067.600098,8189.350098,8052.600098,8172.600098,197300,16-12-2014,1,12
477,8029.799805,8082.0,7961.350098,8041.200195,216200,17-12-2014,2,12
478,8159.299805,8174.299805,8084.899902,8138.899902,162100,18-12-2014,3,12
479,8225.200195,8263.450195,8208.599609,8230.450195,174800,19-12-2014,4,12
480,8324.0,8330.950195,8228.200195,8255.0,139200,22-12-2014,0,12
481,8267.0,8364.75,8252.849609,8324.599609,132200,23-12-2014,1,12
482,8174.100098,8286.400391,8155.25,8272.049805,221900,24-12-2014,2,12
483,8200.700195,8234.549805,8147.950195,8204.799805,75500,26-12-2014,4,12
484,8246.299805,8279.150391,8214.700195,8214.700195,82100,29-12-2014,0,12
485,8248.25,8268.25,8220.549805,8260.299805,77700,30-12-2014,1,12
486,8282.700195,8291.0,8243.75,8243.900391,84500,31-12-2014,2,12
487,8395.450195,8410.599609,8288.700195,8288.700195,101900,02-01-2015,4,1
488,8378.400391,8445.599609,8363.900391,8407.950195,118200,05-01-2015,0,1
489,8127.350098,8327.849609,8111.350098,8325.299805,172800,06-01-2015,1,1
490,8102.100098,8151.200195,8065.450195,8118.649902,164100,07-01-2015,2,1
491,8234.599609,8243.5,8167.299805,8191.399902,143800,08-01-2015,3,1
492,8284.5,8303.299805,8190.799805,8285.450195,148000,09-01-2015,4,1
493,8323.0,8332.599609,8245.599609,8291.349609,103200,12-01-2015,0,1
494,8299.400391,8356.650391,8267.900391,8346.150391,129600,13-01-2015,1,1
495,8277.549805,8326.450195,8236.650391,8307.25,146100,14-01-2015,2,1
496,8494.150391,8527.099609,8380.549805,8424.5,232100,15-01-2015,3,1
497,8513.799805,8530.75,8452.25,8504.049805,176000,16-01-2015,4,1
498,8550.700195,8570.950195,8531.5,8550.049805,125400,19-01-2015,0,1
499,8695.599609,8707.900391,8574.5,8575.099609,158700,20-01-2015,1,1
500,8729.5,8741.849609,8689.599609,8719.650391,185900,21-01-2015,2,1
501,8761.400391,8774.150391,8727.0,8745.849609,175500,22-01-2015,3,1
502,8835.599609,8866.400391,8795.400391,8827.950195,191200,23-01-2015,4,1
503,8910.5,8925.049805,8825.450195,8871.349609,192000,27-01-2015,1,1
504,8914.299805,8985.049805,8874.049805,8902.75,185100,28-01-2015,2,1
505,8952.349609,8966.650391,8861.25,8901.5,256300,29-01-2015,3,1
506,8808.900391,8996.599609,8775.099609,8996.599609,267300,30-01-2015,4,1
507,8797.400391,8840.799805,8751.099609,8802.5,210100,02-02-2015,0,2
508,8756.549805,8837.299805,8726.650391,8823.150391,208700,03-02-2015,1,2
509,8723.700195,8792.849609,8704.400391,8789.150391,195300,04-02-2015,2,2
510,8711.700195,8838.450195,8683.650391,8733.099609,173600,05-02-2015,3,2
511,8661.049805,8726.200195,8645.549805,8696.849609,171300,06-02-2015,4,2
512,8526.349609,8605.549805,8516.349609,8584.400391,146800,09-02-2015,0,2
513,8565.549805,8646.25,8470.5,8478.099609,196200,10-02-2015,1,2
514,8627.400391,8651.950195,8593.650391,8603.299805,161600,11-02-2015,2,2
515,8711.549805,8732.549805,8599.25,8676.950195,158800,12-02-2015,3,2
516,8805.5,8822.099609,8729.650391,8741.5,221900,13-02-2015,4,2
517,8809.349609,8870.099609,8793.400391,8831.400391,136400,16-02-2015,0,2
518,8869.099609,8894.299805,8808.900391,8811.549805,147600,18-02-2015,2,2
519,8895.299805,8913.450195,8794.450195,8883.049805,213300,19-02-2015,3,2
520,8833.599609,8899.950195,8816.299805,8895.5,197600,20-02-2015,4,2
521,8754.950195,8869.0,8736.099609,8856.849609,139600,23-02-2015,0,2
522,8762.099609,8800.5,8726.75,8772.900391,149800,24-02-2015,1,2
523,8767.25,8840.650391,8751.400391,8801.900391,135200,25-02-2015,2,2
524,8683.849609,8786.049805,8669.450195,8779.0,217500,26-02-2015,3,2
525,8844.599609,8856.950195,8717.450195,8729.5,249500,27-02-2015,4,2
526,8956.75,8972.349609,8885.450195,8953.849609,218100,02-03-2015,0,3
527,8996.25,9008.400391,8925.549805,8962.849609,177800,03-03-2015,1,3
528,8922.650391,9119.200195,8893.950195,9109.150391,248400,04-03-2015,2,3
529,8937.75,8957.549805,8849.349609,8929.400391,160100,05-03-2015,3,3
530,8756.75,8891.299805,8740.450195,8891.150391,155500,09-03-2015,0,3
531,8712.049805,8778.0,8677.349609,8769.75,163800,10-03-2015,1,3
532,8699.950195,8755.599609,8682.349609,8728.75,172800,11-03-2015,2,3
533,8776.0,8787.200195,8732.900391,8740.650391,173900,12-03-2015,3,3
534,8647.75,8849.75,8631.75,8844.049805,179200,13-03-2015,4,3
535,8633.150391,8663.549805,8612.0,8656.75,163300,16-03-2015,0,3
536,8723.299805,8742.549805,8630.799805,8689.099609,177000,17-03-2015,1,3
537,8685.900391,8747.25,8664.0,8742.900391,156400,18-03-2015,2,3
538,8634.650391,8788.200195,8614.650391,8749.450195,163500,19-03-2015,3,3
539,8570.900391,8627.900391,8553.0,8627.900391,174600,20-03-2015,4,3
540,8550.900391,8608.349609,8540.549805,8591.549805,150700,23-03-2015,0,3
541,8542.950195,8627.75,8535.849609,8537.049805,156700,24-03-2015,1,3
542,8530.799805,8573.75,8516.549805,8568.900391,161000,25-03-2015,2,3
543,8342.150391,8499.450195,8325.349609,8474.950195,280100,26-03-2015,3,3
544,8341.400391,8413.200195,8269.150391,8396.0,193000,27-03-2015,4,3
545,8492.299805,8492.299805,8380.75,8390.950195,134700,30-03-2015,0,3
546,8491.0,8550.450195,8454.150391,8527.599609,167200,31-03-2015,1,3
547,8586.25,8603.400391,8464.75,8483.700195,125500,01-04-2015,2,4
548,8659.900391,8667.549805,8573.75,8615.799805,146900,06-04-2015,0,4
549,8660.299805,8693.599609,8586.849609,8684.450195,148700,07-04-2015,1,4
550,8714.400391,8730.5,8679.799805,8698.950195,148200,08-04-2015,2,4
551,8778.299805,8785.5,8682.450195,8756.200195,152700,09-04-2015,3,4
552,8780.349609,8787.400391,8733.599609,8774.349609,139000,10-04-2015,4,4
553,8834.0,8841.650391,8762.099609,8801.75,121600,13-04-2015,0,4
554,8706.700195,8760.0,8645.650391,8757.049805,142900,16-04-2015,3,4
555,8606.0,8699.849609,8596.700195,8698.049805,150400,17-04-2015,4,4
556,8448.099609,8619.950195,8422.75,8618.799805,148900,20-04-2015,0,4
557,8377.75,8469.349609,8352.700195,8416.099609,407800,21-04-2015,1,4
558,8429.700195,8449.950195,8284.700195,8400.400391,171800,22-04-2015,2,4
559,8398.299805,8504.950195,8361.849609,8478.200195,156000,23-04-2015,3,4
560,8305.25,8413.299805,8273.349609,8405.700195,173600,24-04-2015,4,4
561,8213.799805,8334.450195,8202.349609,8330.549805,171500,27-04-2015,0,4
562,8285.599609,8308.0,8185.149902,8215.549805,174600,28-04-2015,1,4
563,8239.75,8308.200195,8219.200195,8274.799805,160400,29-04-2015,2,4
564,8181.5,8229.400391,8144.75,8224.5,267700,30-04-2015,3,4
565,8331.950195,8346.0,8220.450195,8230.049805,131700,04-05-2015,0,5
566,8324.799805,8355.650391,8280.599609,8338.400391,155500,05-05-2015,1,5
567,8097.0,8331.950195,8083.0,8316.599609,209600,06-05-2015,2,5
568,8057.299805,8122.600098,7997.149902,8077.0,161600,07-05-2015,3,5
569,8191.5,8224.950195,8123.450195,8131.5,183100,08-05-2015,4,5
570,8325.25,8332.75,8224.650391,8243.200195,192000,11-05-2015,0,5
571,8126.950195,8326.650391,8115.299805,8326.150391,173400,12-05-2015,1,5
572,8235.450195,8254.950195,8089.799805,8181.549805,169800,13-05-2015,2,5
573,8224.200195,8236.25,8137.299805,8232.450195,134800,14-05-2015,3,5
574,8262.349609,8279.200195,8212.200195,8240.299805,129800,15-05-2015,4,5
575,8373.650391,8384.599609,8271.950195,8284.950195,148700,18-05-2015,0,5
576,8365.650391,8427.799805,8335.0,8356.200195,140300,19-05-2015,1,5
577,8423.25,8440.349609,8391.450195,8392.650391,123600,20-05-2015,2,5
578,8421.0,8446.349609,8382.5,8434.5,143800,21-05-2015,3,5
579,8458.950195,8489.549805,8420.599609,8432.5,187300,22-05-2015,4,5
580,8370.25,8441.950195,8364.150391,8438.150391,121300,25-05-2015,0,5
581,8339.349609,8378.900391,8320.049805,8377.099609,116800,26-05-2015,1,5
582,8334.599609,8342.849609,8277.950195,8302.75,165500,27-05-2015,2,5
583,8319.0,8364.5,8270.150391,8345.700195,232300,28-05-2015,3,5
584,8433.650391,8443.900391,8305.700195,8327.099609,363900,29-05-2015,4,5
585,8433.400391,8467.150391,8405.400391,8417.25,122200,01-06-2015,0,6
586,8236.450195,8445.349609,8226.049805,8442.799805,146800,02-06-2015,1,6
587,8135.100098,8236.700195,8094.149902,8232.450195,171400,03-06-2015,2,6
588,8130.649902,8160.049805,8056.75,8155.149902,154700,04-06-2015,3,6
589,8114.700195,8191.0,8100.149902,8119.149902,162100,05-06-2015,4,6
590,8044.149902,8131.0,8030.549805,8124.350098,135900,08-06-2015,0,6
591,8022.399902,8057.149902,8005.149902,8026.5,136000,09-06-2015,1,6
592,8124.450195,8152.25,8023.799805,8024.149902,136800,10-06-2015,2,6
593,7965.350098,8163.049805,7958.25,8157.299805,166200,11-06-2015,3,6
594,7982.899902,7995.600098,7940.299805,7959.850098,136600,12-06-2015,4,6
595,8013.899902,8057.700195,7944.850098,7986.600098,133000,15-06-2015,0,6
596,8047.299805,8061.850098,7952.350098,8004.200195,124000,16-06-2015,1,6
597,8091.549805,8136.850098,8048.950195,8084.200195,152500,17-06-2015,2,6
598,8174.600098,8186.899902,8101.799805,8113.700195,144800,18-06-2015,3,6
599,8224.950195,8250.799805,8195.650391,8201.150391,147100,19-06-2015,4,6
600,8353.099609,8369.450195,8257.400391,8259.299805,122700,22-06-2015,0,6
601,8381.549805,8398.450195,8334.950195,8377.450195,131700,23-06-2015,1,6
602,8360.849609,8421.349609,8338.900391,8399.400391,130100,24-06-2015,2,6
603,8398.0,8423.150391,8329.5,8336.25,201200,25-06-2015,3,6
604,8381.099609,8408.549805,8339.700195,8393.950195,110600,26-06-2015,4,6
605,8318.400391,8329.450195,8195.650391,8247.049805,132000,29-06-2015,0,6
606,8368.5,8378.0,8298.950195,8316.349609,158500,30-06-2015,1,6
607,8453.049805,8481.599609,8370.150391,8376.25,131800,01-07-2015,2,7
608,8444.900391,8479.25,8433.200195,8471.950195,112000,02-07-2015,3,7
609,8484.900391,8497.75,8424.150391,8440.099609,88400,03-07-2015,4,7
610,8522.150391,8533.150391,8386.150391,8386.150391,101500,06-07-2015,0,7
611,8510.799805,8561.349609,8483.849609,8525.5,122200,07-07-2015,1,7
612,8363.049805,8457.5,8341.400391,8439.200195,188100,08-07-2015,2,7
613,8328.549805,8400.299805,8323.0,8364.849609,131300,09-07-2015,3,7
614,8360.549805,8377.099609,8315.400391,8365.700195,154100,10-07-2015,4,7
615,8459.650391,8471.650391,8355.400391,8397.25,117800,13-07-2015,0,7
616,8454.099609,8480.25,8424.099609,8470.599609,101700,14-07-2015,1,7
617,8523.799805,8531.400391,8462.950195,8463.400391,105500,15-07-2015,2,7
618,8608.049805,8616.099609,8542.900391,8546.150391,116000,16-07-2015,3,7
619,8609.849609,8642.950195,8593.150391,8623.650391,105000,17-07-2015,4,7
620,8603.450195,8624.099609,8559.0,8623.900391,90600,20-07-2015,0,7
621,8529.450195,8646.75,8517.900391,8601.5,164100,21-07-2015,1,7
622,8633.5,8643.900391,8498.650391,8512.25,136800,22-07-2015,2,7
623,8589.799805,8654.75,8573.799805,8643.950195,132900,23-07-2015,3,7
624,8521.549805,8589.150391,8513.5,8588.150391,127400,24-07-2015,4,7
625,8361.0,8492.200195,8351.549805,8492.099609,136600,27-07-2015,0,7
626,8337.0,8397.400391,8321.75,8371.099609,174600,28-07-2015,1,7
627,8375.049805,8381.5,8338.450195,8365.599609,141000,29-07-2015,2,7
628,8421.799805,8458.900391,8408.299805,8417.0,215200,30-07-2015,3,7
629,8532.849609,8548.950195,8448.0,8456.099609,203300,31-07-2015,4,7
630,8543.049805,8563.950195,8508.099609,8510.650391,156700,03-08-2015,0,8
631,8516.900391,8565.150391,8448.25,8564.099609,187400,04-08-2015,1,8
632,8567.950195,8591.849609,8545.849609,8547.450195,132800,05-08-2015,2,8
633,8588.650391,8606.299805,8551.5,8585.799805,134900,06-08-2015,3,8
634,8564.599609,8595.950195,8552.700195,8580.799805,143700,07-08-2015,4,8
635,8525.599609,8621.549805,8497.799805,8577.0,123400,10-08-2015,0,8
636,8462.349609,8556.25,8441.299805,8548.450195,154400,11-08-2015,1,8
637,8349.450195,8446.950195,8337.950195,8445.700195,190000,12-08-2015,2,8
638,8355.849609,8429.5,8339.75,8384.450195,189200,13-08-2015,3,8
639,8518.549805,8530.099609,8381.200195,8402.349609,155900,14-08-2015,4,8
640,8477.299805,8530.599609,8428.049805,8530.5,174700,17-08-2015,0,8
641,8466.549805,8525.75,8433.599609,8505.849609,153300,18-08-2015,1,8
642,8495.150391,8520.450195,8425.950195,8468.049805,130500,19-08-2015,2,8
643,8372.75,8501.349609,8359.75,8471.049805,184100,20-08-2015,3,8
644,8299.950195,8322.200195,8225.049805,8305.400391,201300,21-08-2015,4,8
645,7809.0,8060.049805,7769.399902,8055.950195,312400,24-08-2015,0,8
646,7880.700195,7925.399902,7667.25,7895.399902,299100,25-08-2015,1,8
647,7791.850098,7930.049805,7777.100098,7865.25,216600,26-08-2015,2,8
648,7948.950195,7963.600098,7862.299805,7921.600098,305000,27-08-2015,3,8
649,8001.950195,8091.799805,7961.649902,8053.700195,195600,28-08-2015,4,8
650,7971.299805,8043.600098,7947.950195,8009.25,198200,31-08-2015,0,8
651,7785.850098,7929.100098,7746.5,7907.950195,184900,01-09-2015,1,9
652,7717.0,7862.549805,7699.25,7856.649902,215300,02-09-2015,2,9
653,7823.0,7845.600098,7754.049805,7774.450195,155800,03-09-2015,3,9
654,7655.049805,7804.899902,7626.850098,7803.399902,193600,04-09-2015,4,9
655,7558.799805,7705.049805,7545.899902,7685.850098,141400,07-09-2015,0,9
656,7688.25,7720.899902,7539.5,7587.700195,172200,08-09-2015,1,9
657,7818.600098,7846.049805,7764.549805,7805.850098,208400,09-09-2015,2,9
658,7788.100098,7819.850098,7678.5,7729.049805,160300,10-09-2015,3,9
659,7789.299805,7864.850098,7759.899902,7833.799805,136400,11-09-2015,4,9
660,7872.25,7879.950195,7761.850098,7811.100098,122800,14-09-2015,0,9
661,7829.100098,7880.0,7799.75,7867.350098,136500,15-09-2015,1,9
662,7899.149902,7913.899902,7853.299805,7886.850098,140000,16-09-2015,2,9
663,7981.899902,8055.0,7955.850098,7967.450195,241800,18-09-2015,4,9
664,7977.100098,7987.899902,7908.350098,7911.5,121800,21-09-2015,0,9
665,7812.0,8021.600098,7787.75,8014.799805,168400,22-09-2015,1,9
666,7845.950195,7882.899902,7723.25,7737.350098,146700,23-09-2015,2,9
667,7868.5,7894.5,7804.100098,7838.399902,202500,24-09-2015,3,9
668,7795.700195,7893.950195,7787.950195,7892.799805,136300,28-09-2015,0,9
669,7843.299805,7926.549805,7691.200195,7725.700195,240700,29-09-2015,1,9
670,7948.899902,7957.700195,7874.5,7924.25,210700,30-09-2015,2,9
671,7950.899902,8008.25,7930.649902,7992.049805,156900,01-10-2015,3,10
672,8119.299805,8128.899902,8005.100098,8005.100098,183100,05-10-2015,0,10
673,8152.899902,8180.950195,8096.5,8180.450195,178500,06-10-2015,1,10
674,8177.399902,8188.899902,8132.899902,8146.200195,193900,07-10-2015,2,10
675,8129.350098,8196.75,8105.850098,8196.75,171700,08-10-2015,3,10
676,8189.700195,8232.200195,8139.649902,8186.350098,199700,09-10-2015,4,10
677,8143.600098,8244.5,8128.200195,8231.5,199100,12-10-2015,0,10
678,8131.700195,8150.25,8088.600098,8121.950195,145900,13-10-2015,1,10
679,8107.899902,8139.299805,8096.350098,8102.399902,138900,14-10-2015,2,10
680,8179.5,8190.549805,8129.799805,8134.350098,167200,15-10-2015,3,10
681,8238.150391,8246.400391,8147.649902,8193.650391,156400,16-10-2015,4,10
682,8275.049805,8283.049805,8239.200195,8262.549805,124500,19-10-2015,0,10
683,8261.650391,8294.049805,8229.200195,8280.299805,155100,20-10-2015,1,10
684,8251.700195,8294.400391,8217.150391,8258.349609,144800,21-10-2015,2,10
685,8295.450195,8328.099609,8280.75,8308.25,152000,23-10-2015,4,10
686,8260.549805,8336.299805,8252.049805,8333.650391,133900,26-10-2015,0,10
687,8232.900391,8241.950195,8217.049805,8230.349609,156700,27-10-2015,1,10
688,8171.200195,8209.099609,8131.799805,8188.899902,188900,28-10-2015,2,10
689,8111.75,8179.600098,8098.0,8175.450195,217500,29-10-2015,3,10
690,8065.799805,8146.100098,8044.399902,8123.549805,199500,30-10-2015,4,10
691,8050.799805,8060.700195,7995.600098,8054.549805,136100,02-11-2015,0,11
692,8060.700195,8100.350098,8031.75,8086.350098,132500,03-11-2015,1,11
693,8040.200195,8116.100098,8027.299805,8104.899902,122100,04-11-2015,2,11
694,7955.450195,8031.200195,7944.100098,8030.350098,132100,05-11-2015,3,11
695,7954.299805,8002.649902,7926.149902,7956.549805,219500,06-11-2015,4,11
696,7915.200195,7937.75,7771.700195,7788.25,211800,09-11-2015,0,11
697,7783.350098,7885.100098,7772.850098,7877.600098,165200,10-11-2015,1,11
698,7762.25,7775.100098,7730.899902,7762.450195,160900,13-11-2015,4,11
699,7806.600098,7838.850098,7714.149902,7732.950195,149500,16-11-2015,0,11
700,7837.549805,7860.450195,7793.0,7848.75,145000,17-11-2015,1,11
701,7731.799805,7843.399902,7725.049805,7823.149902,143600,18-11-2015,2,11
702,7842.75,7854.899902,7765.450195,7788.5,132600,19-11-2015,3,11
703,7856.549805,7906.950195,7817.799805,7841.899902,151900,20-11-2015,4,11
704,7849.25,7877.5,7825.200195,7869.5,127000,23-11-2015,0,11
705,7831.600098,7870.350098,7812.649902,7837.0,130600,24-11-2015,1,11
706,7883.799805,7897.100098,7832.0,7837.149902,219800,26-11-2015,3,11
707,7942.700195,7959.299805,7879.450195,7910.600098,150300,27-11-2015,4,11
708,7935.25,7966.0,7922.799805,7936.25,216300,30-11-2015,0,11
709,7954.899902,7972.149902,7934.149902,7958.149902,138600,01-12-2015,1,12
710,7931.350098,7979.299805,7910.799805,7976.700195,126300,02-12-2015,2,12
711,7864.149902,7912.299805,7853.299805,7902.299805,125700,03-12-2015,3,12
712,7781.899902,7821.399902,7775.700195,7817.600098,152500,04-12-2015,4,12
713,7765.399902,7825.399902,7746.049805,7816.549805,137600,07-12-2015,0,12
714,7701.700195,7771.25,7685.450195,7738.5,135100,08-12-2015,1,12
715,7612.5,7702.850098,7606.899902,7695.5,140000,09-12-2015,2,12
716,7683.299805,7691.950195,7610.0,7643.299805,140800,10-12-2015,3,12
717,7610.450195,7703.049805,7575.299805,7699.600098,167800,11-12-2015,4,12
718,7650.049805,7663.950195,7551.049805,7558.200195,148900,14-12-2015,0,12
719,7700.899902,7705.0,7625.100098,7659.149902,134300,15-12-2015,1,12
720,7750.899902,7776.600098,7715.75,7725.25,154300,16-12-2015,2,12
721,7844.350098,7852.899902,7737.549805,7783.049805,175900,17-12-2015,3,12
722,7761.950195,7836.149902,7753.350098,7828.899902,191400,18-12-2015,4,12
723,7834.450195,7840.75,7733.450195,7745.649902,126300,21-12-2015,0,12
724,7786.100098,7846.299805,7776.850098,7829.399902,125700,22-12-2015,1,12
725,7865.950195,7871.450195,7826.100098,7830.450195,117900,23-12-2015,2,12
726,7861.049805,7888.75,7835.5,7888.75,93500,24-12-2015,3,12
727,7925.149902,7937.200195,7863.0,7863.200195,122900,28-12-2015,0,12
728,7928.950195,7942.149902,7902.75,7929.200195,113000,29-12-2015,1,12
729,7896.25,7944.75,7889.850098,7938.600098,106800,30-12-2015,2,12
730,7946.350098,7955.549805,7891.149902,7897.799805,150900,31-12-2015,3,12
731,7791.299805,7937.549805,7781.100098,7924.549805,134700,04-01-2016,0,1
732,7784.649902,7831.200195,7763.25,7828.399902,145200,05-01-2016,1,1
733,7741.0,7800.950195,7721.200195,7788.049805,147100,06-01-2016,2,1
734,7568.299805,7674.950195,7556.600098,7673.350098,188900,07-01-2016,3,1
735,7601.350098,7634.100098,7581.049805,7611.649902,157400,08-01-2016,4,1
736,7563.850098,7605.100098,7494.350098,7527.450195,189000,11-01-2016,0,1
737,7510.299805,7588.299805,7487.799805,7587.200195,163900,12-01-2016,1,1
738,7562.399902,7590.950195,7425.799805,7557.899902,215200,13-01-2016,2,1
739,7536.799805,7604.799805,7443.799805,7467.399902,200800,14-01-2016,3,1
740,7437.799805,7566.5,7427.299805,7561.649902,197500,15-01-2016,4,1
741,7351.0,7463.649902,7336.399902,7420.350098,233600,18-01-2016,0,1
742,7435.100098,7462.75,7364.149902,7381.799805,188300,19-01-2016,1,1
743,7309.299805,7470.899902,7241.5,7357.0,225600,20-01-2016,2,1
744,7276.799805,7398.700195,7250.0,7376.649902,240700,21-01-2016,3,1
745,7422.450195,7433.399902,7327.600098,7355.700195,229200,22-01-2016,4,1
746,7436.149902,7487.149902,7421.200195,7468.75,163200,25-01-2016,0,1
747,7437.75,7477.899902,7419.700195,7469.600098,187600,27-01-2016,2,1
748,7424.649902,7468.850098,7409.600098,7426.5,274500,28-01-2016,3,1
749,7563.549805,7575.649902,7402.799805,7413.350098,298700,29-01-2016,4,1
750,7555.950195,7600.450195,7541.25,7589.5,200400,01-02-2016,0,2
751,7455.549805,7576.299805,7428.049805,7566.649902,230200,02-02-2016,1,2
752,7361.799805,7419.399902,7350.299805,7392.450195,192000,03-02-2016,2,2
753,7404.0,7457.049805,7365.950195,7411.450195,222700,04-02-2016,3,2
754,7489.100098,7503.149902,7406.649902,7418.25,249800,05-02-2016,4,2
755,7387.25,7512.549805,7363.200195,7489.700195,171500,08-02-2016,0,2
756,7298.200195,7323.450195,7275.149902,7303.950195,212100,09-02-2016,1,2
757,7215.700195,7271.850098,7177.75,7264.299805,246900,10-02-2016,2,2
758,6976.350098,7208.649902,6959.950195,7203.600098,292300,11-02-2016,3,2
759,6980.950195,7034.799805,6869.0,7023.649902,333900,12-02-2016,4,2
760,7162.950195,7182.799805,7056.799805,7057.350098,354200,15-02-2016,0,2
761,7048.25,7204.649902,7037.700195,7201.25,253800,16-02-2016,1,2
762,7108.450195,7123.700195,6960.649902,7058.850098,260000,17-02-2016,2,2
763,7191.75,7215.100098,7127.850098,7177.399902,246700,18-02-2016,3,2
764,7210.75,7226.850098,7145.950195,7170.549805,192300,19-02-2016,4,2
765,7234.549805,7252.399902,7200.700195,7208.850098,154400,22-02-2016,0,2
766,7109.549805,7241.700195,7090.700195,7240.299805,194400,23-02-2016,1,2
767,7018.700195,7090.799805,7009.75,7075.0,199700,24-02-2016,2,2
768,6970.600098,7034.200195,6961.399902,7029.850098,283100,25-02-2016,3,2
769,7029.75,7052.899902,6985.100098,7039.299805,206700,26-02-2016,4,2
770,6987.049805,7094.600098,6825.799805,7050.450195,473400,29-02-2016,0,2
771,7222.299805,7235.5,7035.100098,7038.25,275100,01-03-2016,1,3
772,7368.850098,7380.350098,7308.149902,7321.700195,338500,02-03-2016,2,3
773,7475.600098,7483.950195,7406.049805,7429.549805,278600,03-03-2016,3,3
774,7485.350098,7505.899902,7444.100098,7505.399902,281700,04-03-2016,4,3
775,7485.299805,7527.149902,7442.149902,7486.399902,257000,08-03-2016,1,3
776,7531.799805,7539.0,7424.299805,7436.100098,245100,09-03-2016,2,3
777,7486.149902,7547.100098,7447.399902,7545.350098,224700,10-03-2016,3,3
778,7510.200195,7543.950195,7460.600098,7484.850098,198700,11-03-2016,4,3
779,7538.75,7583.700195,7515.049805,7542.600098,166900,14-03-2016,0,3
780,7460.600098,7545.200195,7452.799805,7535.850098,193700,15-03-2016,1,3
781,7498.75,7508.0,7405.149902,7457.049805,195400,16-03-2016,2,3
782,7512.549805,7585.299805,7479.399902,7557.399902,239600,17-03-2016,3,3
783,7604.350098,7613.600098,7517.899902,7534.649902,237400,18-03-2016,4,3
784,7704.25,7713.549805,7617.700195,7619.200195,196800,21-03-2016,0,3
785,7714.899902,7728.200195,7643.799805,7695.549805,208900,22-03-2016,1,3
786,7716.5,7726.850098,7670.600098,7717.450195,199600,23-03-2016,2,3
787,7615.100098,7749.399902,7587.700195,7741.0,242400,28-03-2016,0,3
788,7597.0,7652.899902,7582.25,7606.549805,216800,29-03-2016,1,3
789,7735.200195,7741.950195,7643.450195,7651.100098,232600,30-03-2016,2,3
790,7738.399902,7777.600098,7702.0,7727.649902,380100,31-03-2016,3,3
791,7713.049805,7740.149902,7666.100098,7718.049805,183900,01-04-2016,4,4
792,7758.799805,7764.450195,7704.399902,7733.149902,155500,04-04-2016,0,4
793,7603.200195,7736.299805,7588.649902,7736.299805,203800,05-04-2016,1,4
794,7614.350098,7638.649902,7591.75,7636.049805,165600,06-04-2016,2,4
795,7546.450195,7630.75,7535.850098,7630.399902,234400,07-04-2016,3,4
796,7555.200195,7569.350098,7526.700195,7542.350098,143400,08-04-2016,4,4
797,7671.399902,7678.799805,7516.850098,7577.799805,179800,11-04-2016,0,4
798,7708.950195,7717.399902,7663.350098,7669.25,163400,12-04-2016,1,4
799,7850.450195,7864.799805,7772.200195,7777.149902,220400,13-04-2016,2,4
800,7914.700195,7920.600098,7842.75,7908.149902,184600,18-04-2016,0,4
801,7914.75,7950.399902,7877.549805,7950.049805,205300,20-04-2016,2,4
802,7912.049805,7978.450195,7884.100098,7953.649902,223700,21-04-2016,3,4
803,7899.299805,7923.350098,7873.350098,7891.799805,183300,22-04-2016,4,4
804,7855.049805,7911.0,7827.0,7894.799805,146300,25-04-2016,0,4
805,7962.649902,7974.5,7822.549805,7828.149902,202400,26-04-2016,1,4
806,7979.899902,7991.0,7940.549805,7942.0,206800,27-04-2016,2,4
807,7847.25,7992.0,7834.450195,7967.399902,292500,28-04-2016,3,4
808,7849.799805,7889.049805,7788.700195,7844.25,243700,29-04-2016,4,4
809,7805.899902,7829.799805,7777.299805,7822.700195,146300,02-05-2016,0,5
810,7747.0,7890.25,7735.149902,7824.799805,186500,03-05-2016,1,5
811,7706.549805,7749.0,7697.25,7724.149902,199700,04-05-2016,2,5
812,7735.5,7777.549805,7706.850098,7731.0,185100,05-05-2016,3,5
813,7733.450195,7738.899902,7678.350098,7717.649902,163600,06-05-2016,4,5
814,7866.049805,7873.649902,7753.549805,7755.25,160600,09-05-2016,0,5
815,7887.799805,7896.899902,7837.700195,7873.549805,162000,10-05-2016,1,5
816,7848.850098,7893.100098,7780.899902,7804.649902,214100,11-05-2016,2,5
817,7900.399902,7916.049805,7849.649902,7871.450195,152700,12-05-2016,3,5
818,7814.899902,7881.0,7784.200195,7881.0,179500,13-05-2016,4,5
819,7860.75,7873.899902,7772.149902,7831.200195,205200,16-05-2016,0,5
820,7890.75,7940.100098,7879.700195,7896.850098,183400,17-05-2016,1,5
821,7870.149902,7882.049805,7810.75,7846.75,156400,18-05-2016,2,5
822,7783.399902,7876.200195,7766.799805,7875.5,170400,19-05-2016,3,5
823,7749.700195,7812.399902,7735.75,7792.200195,157000,20-05-2016,4,5
824,7731.049805,7820.600098,7722.200195,7813.950195,172000,23-05-2016,0,5
825,7748.850098,7761.549805,7715.799805,7738.049805,147000,24-05-2016,1,5
826,7934.899902,7941.200195,7809.299805,7811.799805,176200,25-05-2016,2,5
827,8069.649902,8083.0,7948.5,7974.450195,264300,26-05-2016,3,5
828,8156.649902,8164.200195,8077.049805,8081.950195,260900,27-05-2016,4,5
829,8178.5,8200.0,8150.799805,8166.5,247400,30-05-2016,0,5
830,8160.100098,8213.599609,8134.299805,8209.849609,471000,31-05-2016,1,5
831,8179.950195,8215.349609,8171.049805,8179.200195,194400,01-06-2016,2,6
832,8218.950195,8229.5,8154.75,8156.899902,181700,02-06-2016,3,6
833,8220.799805,8262.0,8209.849609,8246.200195,379000,03-06-2016,4,6
834,8201.049805,8234.700195,8186.049805,8228.75,171600,06-06-2016,0,6
835,8266.450195,8294.950195,8216.400391,8235.549805,241900,07-06-2016,1,6
836,8273.049805,8288.900391,8252.049805,8285.5,174300,08-06-2016,2,6
837,8203.599609,8273.349609,8184.600098,8273.349609,174900,09-06-2016,3,6
838,8170.049805,8265.599609,8162.850098,8180.25,182200,10-06-2016,4,6
839,8110.600098,8125.25,8063.899902,8102.25,169700,13-06-2016,0,6
840,8108.850098,8134.950195,8069.5,8134.399902,145500,14-06-2016,1,6
841,8206.599609,8213.200195,8123.149902,8139.399902,169800,15-06-2016,2,6
842,8140.75,8180.649902,8074.450195,8180.649902,189200,16-06-2016,3,6
843,8170.200195,8195.25,8135.799805,8176.649902,166600,17-06-2016,4,6
844,8238.5,8244.150391,8107.350098,8115.75,168600,20-06-2016,0,6
845,8219.900391,8257.25,8202.150391,8255.400391,137000,21-06-2016,1,6
846,8203.700195,8238.349609,8153.25,8213.650391,136100,22-06-2016,2,6
847,8270.450195,8285.599609,8188.299805,8201.150391,154100,23-06-2016,3,6
848,8088.600098,8100.700195,7927.049805,8029.100098,297600,24-06-2016,4,6
849,8094.700195,8120.649902,8039.350098,8039.350098,162500,27-06-2016,0,6
850,8127.850098,8146.350098,8086.850098,8096.049805,170400,28-06-2016,1,6
851,8204.0,8212.400391,8157.649902,8173.100098,147000,29-06-2016,2,6
852,8287.75,8308.150391,8242.099609,8260.25,279400,30-06-2016,3,6
853,8328.349609,8356.75,8308.650391,8313.049805,165500,01-07-2016,4,7
854,8370.700195,8398.450195,8364.700195,8376.75,154200,04-07-2016,0,7
855,8335.950195,8381.450195,8319.950195,8379.299805,139000,05-07-2016,1,7
856,8337.900391,8361.950195,8317.700195,8342.0,155500,07-07-2016,3,7
857,8323.200195,8353.299805,8287.549805,8350.0,137900,08-07-2016,4,7
858,8467.900391,8475.25,8407.049805,8413.349609,149800,11-07-2016,0,7
859,8521.049805,8526.599609,8479.200195,8502.599609,183600,12-07-2016,1,7
860,8519.5,8550.25,8493.549805,8540.450195,195500,13-07-2016,2,7
861,8565.0,8571.400391,8500.700195,8515.75,153900,14-07-2016,3,7
862,8541.400391,8594.799805,8510.049805,8565.450195,221700,15-07-2016,4,7
863,8508.700195,8587.099609,8494.349609,8564.049805,164300,18-07-2016,0,7
864,8528.549805,8540.049805,8476.700195,8514.299805,167900,19-07-2016,1,7
865,8565.849609,8569.900391,8512.549805,8515.450195,160300,20-07-2016,2,7
866,8510.099609,8585.25,8503.450195,8582.700195,150000,21-07-2016,3,7
867,8541.200195,8548.950195,8489.799805,8519.650391,143200,22-07-2016,4,7
868,8635.650391,8641.150391,8517.200195,8519.950195,150000,25-07-2016,0,7
869,8590.650391,8644.900391,8577.150391,8633.75,154800,26-07-2016,1,7
870,8615.799805,8665.0,8572.049805,8599.400391,184100,27-07-2016,2,7
871,8666.299805,8674.700195,8625.25,8636.950195,233500,28-07-2016,3,7
872,8638.5,8670.349609,8631.150391,8668.299805,157000,29-07-2016,4,7
873,8636.549805,8711.299805,8590.5,8654.299805,188400,01-08-2016,0,8
874,8622.900391,8687.200195,8611.400391,8647.450195,169400,02-08-2016,1,8
875,8544.849609,8635.450195,8529.599609,8635.200195,163000,03-08-2016,2,8
876,8551.099609,8601.400391,8518.150391,8599.950195,164700,04-08-2016,3,8
877,8683.150391,8689.400391,8590.150391,8600.200195,157900,05-08-2016,4,8
878,8711.349609,8723.5,8697.599609,8712.849609,172600,08-08-2016,0,8
879,8678.25,8728.349609,8638.200195,8727.799805,200100,09-08-2016,1,8
880,8575.299805,8690.099609,8564.599609,8686.700195,173600,10-08-2016,2,8
881,8592.150391,8601.150391,8540.049805,8572.799805,189200,11-08-2016,3,8
882,8642.549805,8682.349609,8600.450195,8670.25,224800,16-08-2016,1,8
883,8624.049805,8667.099609,8603.599609,8639.799805,174100,17-08-2016,2,8
884,8673.25,8690.700195,8645.049805,8648.849609,164300,18-08-2016,3,8
885,8666.900391,8696.599609,8647.099609,8694.299805,191900,19-08-2016,4,8
886,8629.150391,8684.849609,8614.0,8667.0,152300,22-08-2016,0,8
887,8632.599609,8642.150391,8580.0,8628.349609,187500,23-08-2016,1,8
888,8650.299805,8661.049805,8620.900391,8648.5,149600,24-08-2016,2,8
889,8592.200195,8683.049805,8583.650391,8668.849609,213100,25-08-2016,3,8
890,8572.549805,8622.950195,8547.549805,8614.349609,147500,26-08-2016,4,8
891,8607.450195,8622.0,8543.75,8583.75,129700,29-08-2016,0,8
892,8744.349609,8750.599609,8642.25,8646.75,150200,30-08-2016,1,8
893,8786.200195,8819.200195,8754.049805,8754.049805,362200,31-08-2016,2,8
894,8774.650391,8813.25,8759.950195,8793.599609,238900,01-09-2016,3,9
895,8809.650391,8824.099609,8768.200195,8796.349609,191500,02-09-2016,4,9
896,8943.0,8950.849609,8848.450195,8852.700195,195600,06-09-2016,1,9
897,8917.950195,8968.700195,8913.349609,8968.700195,290100,07-09-2016,2,9
898,8952.5,8960.349609,8896.0,8915.5,217200,08-09-2016,3,9
899,8866.700195,8939.150391,8858.700195,8934.299805,175900,09-09-2016,4,9
900,8715.599609,8746.950195,8699.400391,8732.950195,184500,12-09-2016,0,9
901,8726.599609,8739.849609,8688.900391,8710.650391,184300,14-09-2016,2,9
902,8742.549805,8751.950195,8704.349609,8743.849609,145400,15-09-2016,3,9
903,8779.849609,8847.650391,8750.5,8780.849609,265800,16-09-2016,4,9
904,8808.400391,8824.299805,8774.200195,8788.450195,131700,19-09-2016,0,9
905,8775.900391,8816.450195,8759.299805,8816.099609,136500,20-09-2016,1,9
906,8777.150391,8826.849609,8757.299805,8790.299805,148800,21-09-2016,2,9
907,8867.450195,8893.349609,8837.799805,8873.349609,172800,22-09-2016,3,9
908,8831.549805,8885.200195,8820.299805,8880.75,185900,23-09-2016,4,9
909,8723.049805,8809.549805,8715.099609,8807.900391,164000,26-09-2016,0,9
910,8706.400391,8768.5,8690.5,8748.900391,151400,27-09-2016,1,9
911,8745.150391,8767.049805,8703.150391,8711.200195,165500,28-09-2016,2,9
912,8591.25,8800.650391,8558.25,8792.700195,372900,29-09-2016,3,9
913,8611.150391,8637.150391,8555.200195,8581.5,181700,30-09-2016,4,9
914,8738.099609,8745.200195,8635.0,8666.150391,137300,03-10-2016,0,10
915,8769.150391,8783.650391,8736.099609,8770.0,184300,04-10-2016,1,10
916,8743.950195,8806.950195,8731.400391,8806.349609,157200,05-10-2016,2,10
917,8709.549805,8781.150391,8684.650391,8768.700195,163600,06-10-2016,3,10
918,8697.599609,8723.700195,8663.799805,8721.700195,150400,07-10-2016,4,10
919,8708.799805,8745.799805,8703.950195,8735.349609,108400,10-10-2016,0,10
920,8573.349609,8681.549805,8541.349609,8671.5,212300,13-10-2016,3,10
921,8583.400391,8604.450195,8549.799805,8594.0,162800,14-10-2016,4,10
922,8520.400391,8615.400391,8506.150391,8612.950195,197400,17-10-2016,0,10
923,8677.900391,8685.099609,8555.900391,8556.049805,216600,18-10-2016,1,10
924,8659.099609,8698.75,8636.700195,8697.5,172100,19-10-2016,2,10
925,8699.400391,8727.0,8678.299805,8693.349609,161000,20-10-2016,3,10
926,8693.049805,8709.099609,8652.049805,8708.599609,157300,21-10-2016,4,10
927,8708.950195,8736.950195,8684.150391,8709.849609,157100,24-10-2016,0,10
928,8691.299805,8722.650391,8663.450195,8721.700195,189800,25-10-2016,1,10
929,8615.25,8657.299805,8596.599609,8657.299805,219300,26-10-2016,2,10
930,8615.25,8624.849609,8550.25,8607.099609,242800,27-10-2016,3,10
931,8638.0,8653.75,8581.75,8625.0,175500,28-10-2016,4,10
932,8626.25,8669.599609,8614.5,8653.150391,165000,01-11-2016,1,11
933,8514.0,8549.5,8504.849609,8542.799805,155300,02-11-2016,2,11
934,8484.950195,8537.650391,8476.150391,8499.849609,170500,03-11-2016,3,11
935,8433.75,8504.0,8400.25,8503.599609,224800,04-11-2016,4,11
936,8497.049805,8535.849609,8481.450195,8535.75,172800,07-11-2016,0,11
937,8543.549805,8559.400391,8480.099609,8540.0,195700,08-11-2016,1,11
938,8432.0,8476.200195,8002.25,8067.5,314300,09-11-2016,2,11
939,8525.75,8598.450195,8510.700195,8555.599609,263100,10-11-2016,3,11
940,8296.299805,8460.599609,8284.950195,8456.650391,266900,11-11-2016,4,11
941,8108.450195,8288.549805,8093.200195,8284.849609,359200,15-11-2016,1,11
942,8111.600098,8210.049805,8089.399902,8205.650391,269500,16-11-2016,2,11
943,8079.950195,8151.25,8060.299805,8105.100098,191300,17-11-2016,3,11
944,8074.100098,8128.950195,8048.299805,8097.549805,161200,18-11-2016,4,11
945,7929.100098,8102.450195,7916.399902,8102.100098,218800,21-11-2016,0,11
946,8002.299805,8019.049805,7938.149902,7989.149902,210200,22-11-2016,1,11
947,8033.299805,8055.200195,7973.100098,8051.200195,181000,23-11-2016,2,11
948,7965.5,8024.850098,7952.549805,8011.799805,260500,24-11-2016,3,11
949,8114.299805,8122.25,7976.75,8007.950195,177900,25-11-2016,4,11
950,8126.899902,8146.5,8066.5,8080.649902,189700,28-11-2016,0,11
951,8142.149902,8197.349609,8128.700195,8131.549805,189700,29-11-2016,1,11
952,8224.5,8234.25,8139.25,8172.149902,248000,30-11-2016,2,11
953,8192.900391,8250.799805,8185.049805,8244.0,157700,01-12-2016,3,12
954,8086.799805,8159.299805,8070.049805,8153.549805,171500,02-12-2016,4,12
955,8128.75,8141.899902,8056.850098,8088.75,126500,05-12-2016,0,12
956,8143.149902,8178.700195,8130.850098,8153.149902,115300,06-12-2016,1,12
957,8102.049805,8190.450195,8077.5,8168.399902,169800,07-12-2016,2,12
958,8246.849609,8256.25,8151.75,8152.100098,142500,08-12-2016,3,12
959,8261.75,8274.950195,8241.950195,8271.700195,149700,09-12-2016,4,12
960,8170.799805,8230.650391,8154.450195,8230.650391,108100,12-12-2016,0,12
961,8221.799805,8228.849609,8155.799805,8196.150391,184000,13-12-2016,1,12
962,8182.450195,8229.400391,8165.100098,8229.349609,144600,14-12-2016,2,12
963,8153.600098,8225.900391,8121.950195,8128.399902,181800,15-12-2016,3,12
964,8139.450195,8178.700195,8127.450195,8178.200195,203000,16-12-2016,4,12
965,8104.350098,8132.5,8094.850098,8126.0,107400,19-12-2016,0,12
966,8082.399902,8124.100098,8062.75,8110.600098,128000,20-12-2016,1,12
967,8061.299805,8112.549805,8053.25,8105.850098,123700,21-12-2016,2,12
968,7979.100098,8046.450195,7964.950195,8043.850098,122600,22-12-2016,3,12
969,7985.75,8022.600098,7942.049805,7972.5,124100,23-12-2016,4,12
970,7908.25,7970.049805,7893.799805,7965.100098,106900,26-12-2016,0,12
971,8032.850098,8044.649902,7903.700195,7915.049805,118800,27-12-2016,1,12
972,8034.850098,8100.549805,8028.399902,8047.549805,126700,28-12-2016,2,12
973,8103.600098,8111.100098,8020.799805,8030.600098,178500,29-12-2016,3,12
974,8185.799805,8197.0,8114.75,8119.649902,127600,30-12-2016,4,12
975,8179.5,8212.0,8133.799805,8210.099609,118300,02-01-2017,0,1
976,8192.25,8219.099609,8148.600098,8196.049805,127300,03-01-2017,1,1
977,8190.5,8218.5,8180.899902,8202.650391,132400,04-01-2017,2,1
978,8273.799805,8282.650391,8223.700195,8226.650391,159100,05-01-2017,3,1
979,8243.799805,8306.849609,8233.25,8281.849609,139400,06-01-2017,4,1
980,8236.049805,8263.0,8227.75,8259.349609,99100,09-01-2017,0,1
981,8288.599609,8293.799805,8261.0,8262.700195,142900,10-01-2017,1,1
982,8380.650391,8389.0,8322.25,8327.799805,186500,11-01-2017,2,1
983,8407.200195,8417.200195,8382.299805,8391.049805,172600,12-01-2017,3,1
984,8400.349609,8461.049805,8373.150391,8457.650391,185300,13-01-2017,4,1
985,8412.799805,8426.700195,8374.400391,8390.950195,124100,16-01-2017,0,1
986,8398.0,8440.900391,8378.299805,8415.049805,122000,17-01-2017,1,1
987,8417.0,8460.299805,8397.400391,8403.849609,163800,18-01-2017,2,1
988,8435.099609,8445.150391,8404.049805,8418.400391,165900,19-01-2017,3,1
989,8349.349609,8423.650391,8340.950195,8404.349609,202600,20-01-2017,4,1
990,8391.5,8404.150391,8327.200195,8329.599609,195000,23-01-2017,0,1
991,8475.799805,8480.950195,8398.150391,8407.049805,179200,24-01-2017,1,1
992,8602.75,8612.599609,8493.950195,8499.450195,292500,25-01-2017,2,1
993,8641.25,8672.700195,8606.900391,8610.5,275400,27-01-2017,4,1
994,8632.75,8662.599609,8617.75,8635.549805,304700,30-01-2017,0,1
995,8561.299805,8631.75,8552.400391,8629.450195,521000,31-01-2017,1,1
996,8716.400391,8722.400391,8537.5,8570.349609,327700,01-02-2017,2,2
997,8734.25,8757.599609,8685.799805,8724.75,283500,02-02-2017,3,2
998,8740.950195,8748.25,8707.75,8735.150391,191000,03-02-2017,4,2
999,8801.049805,8814.099609,8770.200195,8785.450195,194400,06-02-2017,0,2
1000,8768.299805,8809.299805,8741.049805,8805.700195,226300,07-02-2017,1,2
1001,8769.049805,8791.25,8715.0,8774.549805,218700,08-02-2017,2,2
1002,8778.400391,8821.400391,8724.099609,8795.549805,187500,09-02-2017,3,2
1003,8793.549805,8822.099609,8771.200195,8812.349609,225900,10-02-2017,4,2
1004,8805.049805,8826.900391,8754.200195,8819.799805,204900,13-02-2017,0,2
1005,8792.299805,8820.450195,8772.5,8819.900391,188300,14-02-2017,1,2
1006,8724.700195,8807.900391,8712.849609,8778.950195,216100,15-02-2017,2,2
1007,8778.0,8783.950195,8719.599609,8739.0,184600,16-02-2017,3,2
1008,8821.700195,8896.450195,8804.25,8883.700195,298300,17-02-2017,4,2
1009,8879.200195,8886.25,8809.799805,8818.549805,167800,20-02-2017,0,2
1010,8907.849609,8920.799805,8860.950195,8890.75,175700,21-02-2017,1,2
1011,8926.900391,8960.75,8905.25,8931.599609,247100,22-02-2017,2,2
1012,8939.5,8982.150391,8927.549805,8956.400391,377200,23-02-2017,3,2
1013,8896.700195,8951.799805,8888.650391,8943.700195,189900,27-02-2017,0,2
1014,8879.599609,8914.75,8867.599609,8898.950195,293600,28-02-2017,1,2
1015,8945.799805,8960.799805,8898.599609,8904.400391,205900,01-03-2017,2,3
1016,8899.75,8992.5,8879.799805,8982.849609,218800,02-03-2017,3,3
1017,8897.549805,8907.099609,8860.099609,8883.5,202600,03-03-2017,4,3
1018,8963.450195,8967.799805,8914.0,8915.099609,174800,06-03-2017,0,3
1019,8946.900391,8977.849609,8932.799805,8977.75,173400,07-03-2017,1,3
1020,8924.299805,8957.049805,8891.950195,8950.700195,177800,08-03-2017,2,3
1021,8927.0,8945.799805,8899.5,8914.5,171500,09-03-2017,3,3
1022,8934.549805,8975.700195,8903.950195,8953.700195,152700,10-03-2017,4,3
1023,9087.0,9122.75,9060.5,9091.650391,270300,14-03-2017,1,3
1024,9084.799805,9106.549805,9075.5,9086.849609,240600,15-03-2017,2,3
1025,9153.700195,9158.450195,9128.549805,9129.650391,208600,16-03-2017,3,3
1026,9160.049805,9218.400391,9147.599609,9207.799805,286700,17-03-2017,4,3
1027,9126.849609,9167.599609,9116.299805,9166.950195,332100,20-03-2017,0,3
1028,9121.5,9147.75,9087.200195,9133.950195,247700,21-03-2017,1,3
1029,9030.450195,9072.900391,9019.299805,9047.200195,232300,22-03-2017,2,3
1030,9086.299805,9099.049805,9048.599609,9048.75,191800,23-03-2017,3,3
1031,9108.0,9133.549805,9089.400391,9104.0,203700,24-03-2017,4,3
1032,9045.200195,9094.849609,9024.650391,9093.450195,202700,27-03-2017,0,3
1033,9100.799805,9110.400391,9079.799805,9081.5,183300,28-03-2017,1,3
1034,9143.799805,9153.150391,9109.099609,9128.700195,243400,29-03-2017,2,3
1035,9173.75,9183.150391,9136.349609,9142.599609,323400,30-03-2017,3,3
1036,9173.75,9191.700195,9152.099609,9158.900391,190900,31-03-2017,4,3
1037,9237.849609,9245.349609,9192.400391,9220.599609,139100,03-04-2017,0,4
1038,9265.150391,9273.900391,9215.400391,9264.400391,184800,05-04-2017,2,4
1039,9261.950195,9267.950195,9218.849609,9245.799805,186100,06-04-2017,3,4
1040,9198.299805,9250.5,9188.099609,9223.700195,190000,07-04-2017,4,4
1041,9181.450195,9225.650391,9174.849609,9225.599609,135800,10-04-2017,0,4
1042,9237.0,9242.700195,9172.849609,9184.549805,200100,11-04-2017,1,4
1043,9203.450195,9246.400391,9161.799805,9242.5,161800,12-04-2017,2,4
1044,9150.799805,9202.650391,9144.950195,9202.5,166500,13-04-2017,3,4
1045,9139.299805,9160.0,9120.25,9144.75,0,17-04-2017,0,4
1046,9105.150391,9217.900391,9095.450195,9163.0,174200,18-04-2017,1,4
1047,9103.5,9120.5,9075.150391,9112.200195,173700,19-04-2017,2,4
1048,9136.400391,9143.900391,9102.650391,9108.099609,170300,20-04-2017,3,4
1049,9119.400391,9183.650391,9088.75,9179.099609,155200,21-04-2017,4,4
1050,9217.950195,9225.400391,9130.549805,9135.349609,167700,24-04-2017,0,4
1051,9306.599609,9309.200195,9250.349609,9273.049805,168700,25-04-2017,1,4
1052,9351.849609,9367.0,9301.349609,9336.200195,185700,26-04-2017,2,4
1053,9342.150391,9367.150391,9322.650391,9359.150391,209400,27-04-2017,3,4
1054,9304.049805,9342.650391,9282.25,9340.950195,162200,28-04-2017,4,4
1055,9313.799805,9352.549805,9269.900391,9339.849609,161600,02-05-2017,1,5
1056,9311.950195,9346.299805,9298.400391,9344.700195,151600,03-05-2017,2,5
1057,9359.900391,9365.650391,9323.25,9360.950195,269600,04-05-2017,3,5
1058,9285.299805,9377.099609,9272.0,9374.549805,231900,05-05-2017,4,5
1059,9314.049805,9338.700195,9297.950195,9311.450195,174300,08-05-2017,0,5
1060,9316.849609,9338.950195,9307.700195,9337.349609,132300,09-05-2017,1,5
1061,9407.299805,9414.75,9336.0,9339.650391,152700,10-05-2017,2,5
1062,9422.400391,9450.650391,9411.299805,9448.599609,171100,11-05-2017,3,5
1063,9400.900391,9437.75,9372.549805,9436.650391,154300,12-05-2017,4,5
1064,9445.400391,9449.25,9423.099609,9433.549805,140800,15-05-2017,0,5
1065,9512.25,9517.200195,9456.349609,9461.0,166500,16-05-2017,1,5
1066,9525.75,9532.599609,9486.099609,9517.599609,205500,17-05-2017,2,5
1067,9429.450195,9489.099609,9418.099609,9453.200195,193300,18-05-2017,3,5
1068,9427.900391,9505.75,9390.75,9469.900391,252100,19-05-2017,4,5
1069,9438.25,9498.650391,9427.900391,9480.25,196800,22-05-2017,0,5
1070,9386.150391,9448.049805,9370.0,9445.049805,224400,23-05-2017,1,5
1071,9360.549805,9431.900391,9341.650391,9410.900391,211800,24-05-2017,2,5
1072,9509.75,9523.299805,9379.200195,9384.049805,289200,25-05-2017,3,5
1073,9595.099609,9604.900391,9495.400391,9507.75,218800,26-05-2017,4,5
1074,9604.900391,9637.75,9547.700195,9560.049805,235000,29-05-2017,0,5
1075,9624.549805,9635.299805,9581.200195,9590.650391,193900,30-05-2017,1,5
1076,9621.25,9649.599609,9609.25,9636.549805,414300,31-05-2017,2,5
1077,9616.099609,9634.650391,9589.900391,9603.549805,176100,01-06-2017,3,6
1078,9653.5,9673.5,9637.450195,9657.150391,162200,02-06-2017,4,6
1079,9675.099609,9687.200195,9640.700195,9656.299805,127700,05-06-2017,0,6
1080,9637.150391,9709.299805,9630.200195,9704.25,145900,06-06-2017,1,6
1081,9663.900391,9678.549805,9630.549805,9663.950195,160700,07-06-2017,2,6
1082,9647.25,9688.700195,9641.5,9682.400391,155400,08-06-2017,3,6
1083,9668.25,9676.25,9608.150391,9638.549805,159000,09-06-2017,4,6
1084,9616.400391,9647.049805,9598.5,9646.700195,141400,12-06-2017,0,6
1085,9606.900391,9654.150391,9595.400391,9615.549805,129700,13-06-2017,1,6
1086,9618.150391,9627.400391,9580.450195,9621.549805,181800,14-06-2017,2,6
1087,9578.049805,9621.400391,9560.799805,9617.900391,171100,15-06-2017,3,6
1088,9588.049805,9615.849609,9565.5,9595.450195,213200,16-06-2017,4,6
1089,9657.549805,9673.299805,9614.900391,9626.400391,141700,19-06-2017,0,6
1090,9653.5,9676.5,9643.75,9670.5,159500,20-06-2017,1,6
1091,9633.599609,9650.450195,9608.599609,9648.099609,144000,21-06-2017,2,6
1092,9630.0,9698.849609,9617.75,9642.650391,198800,22-06-2017,3,6
1093,9574.950195,9647.650391,9565.299805,9643.25,175200,23-06-2017,4,6
1094,9511.400391,9615.400391,9473.450195,9594.049805,203300,27-06-2017,1,6
1095,9491.25,9522.5,9474.349609,9520.200195,172400,28-06-2017,2,6
1096,9504.099609,9575.799805,9493.799805,9522.950195,259300,29-06-2017,3,6
1097,9520.900391,9535.799805,9448.75,9478.5,179600,30-06-2017,4,6
1098,9615.0,9624.0,9543.549805,9587.950195,183000,03-07-2017,0,7
1099,9613.299805,9650.650391,9595.5,9645.900391,144800,04-07-2017,1,7
1100,9637.599609,9643.650391,9607.349609,9619.75,130800,05-07-2017,2,7
1101,9674.549805,9700.700195,9639.950195,9653.599609,147400,06-07-2017,3,7
1102,9665.799805,9684.25,9642.650391,9670.349609,141800,07-07-2017,4,7
1103,9771.049805,9782.150391,9646.450195,9719.299805,37500,10-07-2017,0,7
1104,9786.049805,9830.049805,9778.849609,9797.450195,179700,11-07-2017,1,7
1105,9816.099609,9824.950195,9787.700195,9807.299805,145500,12-07-2017,2,7
1106,9891.700195,9897.25,9853.450195,9855.799805,181300,13-07-2017,3,7
1107,9886.349609,9913.299805,9845.450195,9913.299805,159600,14-07-2017,4,7
1108,9915.950195,9928.200195,9894.700195,9908.150391,163500,17-07-2017,0,7
1109,9827.150391,9885.349609,9792.049805,9832.700195,293900,18-07-2017,1,7
1110,9899.599609,9905.049805,9851.650391,9855.950195,200200,19-07-2017,2,7
1111,9873.299805,9922.549805,9863.450195,9920.200195,161100,20-07-2017,3,7
1112,9915.25,9924.700195,9838.0,9899.599609,187500,21-07-2017,4,7
1113,9966.400391,9982.049805,9919.599609,9936.799805,174500,24-07-2017,0,7
1114,9964.549805,10011.2998,9949.099609,10010.5498,185500,25-07-2017,1,7
1115,10020.65039,10025.9502,9965.950195,9983.650391,197600,26-07-2017,2,7
1116,10020.5498,10114.84961,10005.5,10063.25,287900,27-07-2017,3,7
1117,10014.5,10026.0498,9944.5,9996.549805,191600,28-07-2017,4,7
1118,10077.09961,10085.90039,10016.9502,10034.7002,237700,31-07-2017,0,7
1119,10114.65039,10128.59961,10065.75,10101.0498,184300,01-08-2017,1,8
1120,10081.5,10137.84961,10054.2002,10136.2998,161500,02-08-2017,2,8
1121,10013.65039,10081.15039,9998.25,10081.15039,192700,03-08-2017,3,8
1122,10066.40039,10075.25,9988.349609,10008.59961,178600,04-08-2017,4,8
1123,10057.40039,10088.09961,10046.34961,10074.7998,137400,07-08-2017,0,8
1124,9978.549805,10083.7998,9947.0,10068.34961,203300,08-08-2017,1,8
1125,9908.049805,9969.799805,9893.049805,9961.150391,169200,09-08-2017,2,8
1126,9820.25,9892.650391,9776.200195,9872.849609,235500,10-08-2017,3,8
1127,9710.799805,9771.650391,9685.549805,9712.150391,285900,11-08-2017,4,8
1128,9794.150391,9818.299805,9752.099609,9755.75,195600,14-08-2017,0,8
1129,9897.299805,9903.950195,9773.849609,9825.849609,219500,16-08-2017,2,8
1130,9904.150391,9947.799805,9883.75,9945.549805,197600,17-08-2017,3,8
1131,9837.400391,9865.950195,9783.650391,9865.950195,246300,18-08-2017,4,8
1132,9754.349609,9884.349609,9740.099609,9864.25,205300,21-08-2017,0,8
1133,9765.549805,9828.450195,9752.599609,9815.75,183600,22-08-2017,1,8
1134,9852.5,9857.900391,9786.75,9803.049805,168600,23-08-2017,2,8
1135,9857.049805,9881.5,9848.849609,9881.200195,184700,24-08-2017,3,8
1136,9912.799805,9925.75,9882.0,9907.150391,159600,28-08-2017,0,8
1137,9796.049805,9887.349609,9783.75,9886.400391,173300,29-08-2017,1,8
1138,9884.400391,9909.450195,9850.799805,9859.5,157800,30-08-2017,2,8
1139,9917.900391,9925.099609,9856.950195,9905.700195,327700,31-08-2017,3,8
1140,9974.400391,9983.450195,9909.849609,9937.650391,157800,01-09-2017,4,9
1141,9912.849609,9988.400391,9861.0,9984.150391,148800,04-09-2017,0,9
1142,9952.200195,9963.099609,9901.049805,9933.25,139200,05-09-2017,1,9
1143,9916.200195,9931.549805,9882.549805,9899.25,149200,06-09-2017,2,9
1144,9929.900391,9964.849609,9917.200195,9945.849609,188800,07-09-2017,3,9
1145,9934.799805,9963.599609,9913.299805,9958.650391,163600,08-09-2017,4,9
1146,10006.0498,10028.65039,9968.799805,9971.75,173000,11-09-2017,0,9
1147,10093.0498,10097.5498,10028.0498,10056.84961,182600,12-09-2017,1,9
1148,10079.2998,10131.9502,10063.15039,10099.25,215000,13-09-2017,2,9
1149,10086.59961,10126.5,10070.34961,10107.40039,225600,14-09-2017,3,9
1150,10085.40039,10115.15039,10043.65039,10062.34961,266600,15-09-2017,4,9
1151,10153.09961,10171.7002,10131.2998,10133.09961,156100,18-09-2017,0,9
1152,10147.5498,10178.9502,10129.9502,10175.59961,187500,19-09-2017,1,9
1153,10141.15039,10171.0498,10134.2002,10160.9502,199400,20-09-2017,2,9
1154,10121.90039,10158.90039,10058.59961,10139.59961,191800,21-09-2017,3,9
1155,9964.400391,10095.0498,9952.799805,10094.34961,226600,22-09-2017,4,9
1156,9872.599609,9960.5,9816.049805,9960.099609,221400,25-09-2017,0,9
1157,9871.5,9891.349609,9813.0,9875.25,190900,26-09-2017,1,9
1158,9735.75,9921.049805,9714.400391,9920.599609,200100,27-09-2017,2,9
1159,9768.950195,9789.200195,9687.549805,9736.400391,385000,28-09-2017,3,9
1160,9788.599609,9854.0,9775.349609,9814.299805,196300,29-09-2017,4,9
1161,9859.5,9895.400391,9831.049805,9893.299805,162800,03-10-2017,1,10
1162,9914.900391,9938.299805,9850.650391,9884.349609,156200,04-10-2017,2,10
1163,9888.700195,9945.950195,9881.849609,9927.0,147800,05-10-2017,3,10
1164,9979.700195,9989.349609,9906.599609,9908.150391,195800,06-10-2017,4,10
1165,9988.75,10015.75,9959.450195,9988.200195,143900,09-10-2017,0,10
1166,10016.9502,10034.0,10002.2998,10013.7002,148600,10-10-2017,1,10
1167,9984.799805,10067.25,9955.799805,10042.59961,189700,11-10-2017,2,10
1168,10096.40039,10104.4502,9977.099609,10011.2002,200900,12-10-2017,3,10
1169,10167.4502,10191.90039,10120.09961,10123.7002,230100,13-10-2017,4,10
1170,10230.84961,10242.9502,10175.09961,10207.40039,203000,16-10-2017,0,10
1171,10234.4502,10251.84961,10212.59961,10227.65039,195700,17-10-2017,1,10
1172,10210.84961,10236.4502,10175.75,10209.40039,254200,18-10-2017,2,10
1173,10146.5498,10211.9502,10123.34961,10210.34961,30200,19-10-2017,3,10
1174,10184.84961,10224.15039,10124.5,10176.65039,218100,23-10-2017,0,10
1175,10207.7002,10237.75,10182.40039,10218.5498,217200,24-10-2017,1,10
1176,10295.34961,10340.5498,10240.90039,10321.15039,594200,25-10-2017,2,10
1177,10343.7998,10355.65039,10271.84961,10291.7998,429700,26-10-2017,3,10
1178,10323.0498,10366.15039,10311.2998,10362.2998,312700,27-10-2017,4,10
1179,10363.65039,10384.5,10344.2998,10353.84961,236900,30-10-2017,0,10
1180,10335.2998,10367.7002,10323.9502,10364.90039,232600,31-10-2017,1,10
1181,10440.5,10451.65039,10383.0498,10390.34961,260300,01-11-2017,2,11
1182,10423.7998,10453.0,10412.5498,10440.5,201500,02-11-2017,3,11
1183,10452.5,10461.7002,10403.59961,10461.5498,199900,03-11-2017,4,11
1184,10451.7998,10490.4502,10413.75,10431.75,193600,06-11-2017,0,11
1185,10350.15039,10485.75,10340.7998,10477.15039,286900,07-11-2017,1,11
1186,10303.15039,10384.25,10285.5,10361.9502,274500,08-11-2017,2,11
1187,10308.9502,10368.4502,10266.9502,10358.65039,240200,09-11-2017,3,11
1188,10321.75,10344.9502,10254.09961,10304.34961,279400,10-11-2017,4,11
1189,10224.9502,10334.15039,10216.25,10322.0,210300,13-11-2017,0,11
1190,10186.59961,10248.0,10175.5498,10223.40039,305000,14-11-2017,1,11
1191,10118.0498,10175.4502,10094.0,10171.9502,207400,15-11-2017,2,11
1192,10214.75,10232.25,10139.2002,10152.90039,182600,16-11-2017,3,11
1193,10283.59961,10343.59961,10268.0498,10324.5498,203300,17-11-2017,4,11
1194,10298.75,10309.84961,10261.5,10287.2002,147200,20-11-2017,0,11
1195,10326.90039,10358.7002,10315.0498,10329.25,186100,21-11-2017,1,11
1196,10342.2998,10368.7002,10309.5498,10350.7998,157600,22-11-2017,2,11
1197,10348.75,10374.2998,10307.2998,10358.4502,153000,23-11-2017,3,11
1198,10389.7002,10404.5,10362.25,10366.7998,129200,24-11-2017,4,11
1199,10399.5498,10407.15039,10340.2002,10361.0498,141900,27-11-2017,0,11
1200,10370.25,10409.5498,10355.2002,10387.90039,196000,28-11-2017,1,11
1201,10361.2998,10392.9502,10345.90039,10376.65039,152500,29-11-2017,2,11
1202,10226.5498,10332.7002,10211.25,10332.7002,342500,30-11-2017,3,11
1203,10121.7998,10272.7002,10108.5498,10263.7002,143400,01-12-2017,4,12
1204,10127.75,10179.2002,10095.7002,10175.0498,148600,04-12-2017,0,12
1205,10118.25,10147.9502,10069.09961,10118.25,155500,05-12-2017,1,12
1206,10044.09961,10104.2002,10033.34961,10088.7998,166100,06-12-2017,2,12
1207,10166.7002,10182.65039,10061.90039,10063.4502,166200,07-12-2017,3,12
1208,10265.65039,10270.84961,10195.25,10198.4502,200000,08-12-2017,4,12
1209,10322.25,10329.2002,10282.0498,10310.5,147400,11-12-2017,0,12
1210,10240.15039,10326.09961,10230.2002,10324.90039,175100,12-12-2017,1,12
1211,10192.9502,10296.5498,10169.84961,10236.59961,181600,13-12-2017,2,12
1212,10252.09961,10276.09961,10141.5498,10229.2998,154300,14-12-2017,3,12
1213,10333.25,10373.09961,10319.65039,10345.65039,255100,15-12-2017,4,12
1214,10388.75,10443.5498,10074.7998,10263.09961,230400,18-12-2017,0,12
1215,10463.2002,10472.2002,10406.0,10414.7998,169100,19-12-2017,1,12
1216,10444.2002,10494.4502,10437.15039,10494.40039,175200,20-12-2017,2,12
1217,10440.2998,10473.9502,10426.90039,10473.9502,151900,21-12-2017,3,12
1218,10493.0,10501.09961,10448.25,10457.2998,138800,22-12-2017,4,12
1219,10531.5,10545.4502,10477.9502,10512.2998,155600,26-12-2017,1,12
1220,10490.75,10552.40039,10469.25,10531.0498,165200,27-12-2017,2,12
1221,10477.90039,10534.5498,10460.4502,10498.2002,272900,28-12-2017,3,12
1222,10530.7002,10538.7002,10488.65039,10492.34961,152000,29-12-2017,4,12
1223,10442.2002,10495.2002,10404.65039,10477.5498,153400,02-01-2018,1,1
1224,10443.2002,10503.59961,10429.5498,10482.65039,167300,03-01-2018,2,1
1225,10504.7998,10513.0,10441.4502,10469.40039,174900,04-01-2018,3,1
1226,10558.84961,10566.09961,10520.09961,10534.25,180900,05-01-2018,4,1
1227,10623.59961,10631.2002,10588.5498,10591.7002,169000,08-01-2018,0,1
1228,10637.0,10659.15039,10603.59961,10645.09961,205000,09-01-2018,1,1
1229,10632.2002,10655.5,10592.7002,10652.0498,176400,10-01-2018,2,1
1230,10651.2002,10664.59961,10612.34961,10637.0498,153800,11-01-2018,3,1
1231,10681.25,10690.40039,10597.09961,10682.5498,175200,12-01-2018,4,1
1232,10741.5498,10782.65039,10713.7998,10718.5,175900,15-01-2018,0,1
1233,10700.4502,10762.34961,10687.84961,10761.5,211000,16-01-2018,1,1
1234,10788.5498,10803.0,10666.75,10702.4502,252700,17-01-2018,2,1
1235,10817.0,10887.5,10782.40039,10873.40039,312000,18-01-2018,3,1
1236,10894.7002,10906.84961,10793.90039,10829.2002,207600,19-01-2018,4,1
1237,10966.2002,10975.09961,10881.40039,10883.2002,231600,22-01-2018,0,1
1238,11083.7002,11092.90039,10994.5498,10997.40039,284600,23-01-2018,1,1
1239,11086.0,11110.09961,11046.15039,11069.34961,283400,24-01-2018,2,1
1240,11069.65039,11095.59961,11009.2002,11095.59961,330300,25-01-2018,3,1
1241,11130.40039,11171.5498,11075.9502,11079.34961,241700,29-01-2018,0,1
1242,11049.65039,11121.09961,11033.90039,11120.84961,228000,30-01-2018,1,1
1243,11027.7002,11058.5,10979.2998,11018.7998,245900,31-01-2018,2,1
1244,11016.90039,11117.34961,10878.7998,11044.5498,306200,01-02-2018,3,2
1245,10760.59961,10954.9502,10736.09961,10938.2002,282700,02-02-2018,4,2
1246,10666.5498,10702.75,10586.7998,10604.2998,240100,05-02-2018,0,2
1247,10498.25,10594.15039,10276.2998,10295.15039,266500,06-02-2018,1,2
1248,10476.7002,10614.0,10446.40039,10607.2002,250400,07-02-2018,2,2
1249,10576.84961,10637.7998,10479.5498,10518.5,232200,08-02-2018,3,2
1250,10454.9502,10480.2002,10398.2002,10416.5,191600,09-02-2018,4,2
1251,10539.75,10555.5,10485.40039,10518.2002,217400,12-02-2018,0,2
1252,10500.90039,10590.5498,10456.65039,10585.75,229200,14-02-2018,2,2
1253,10545.5,10618.09961,10511.0498,10537.90039,210600,15-02-2018,3,2
1254,10452.2998,10612.90039,10434.0498,10596.2002,184300,16-02-2018,4,2
1255,10378.40039,10489.34961,10302.75,10488.90039,187300,19-02-2018,0,2
1256,10360.40039,10429.34961,10347.65039,10391.0,187700,20-02-2018,1,2
1257,10397.4502,10426.09961,10349.59961,10426.0,234100,21-02-2018,2,2
1258,10382.7002,10397.5498,10340.65039,10354.34961,313600,22-02-2018,3,2
1259,10491.0498,10499.09961,10396.65039,10408.09961,210600,23-02-2018,4,2
1260,10582.59961,10592.9502,10520.2002,10526.5498,171900,26-02-2018,0,2
1261,10554.2998,10631.65039,10537.25,10615.2002,187500,27-02-2018,1,2
1262,10492.84961,10535.5,10461.5498,10488.9502,286000,28-02-2018,2,2
1263,10458.34961,10525.5,10447.15039,10479.9502,176000,01-03-2018,3,3
1264,10358.84961,10428.7002,10323.90039,10428.2998,194000,05-03-2018,0,3
1265,10249.25,10441.34961,10215.90039,10420.5,222900,06-03-2018,1,3
1266,10154.2002,10243.34961,10141.5498,10232.9502,249500,07-03-2018,2,3
1267,10242.65039,10270.34961,10146.40039,10216.25,226400,08-03-2018,3,3
1268,10226.84961,10296.7002,10211.90039,10271.2998,186500,09-03-2018,4,3
1269,10421.40039,10433.65039,10295.4502,10301.59961,216400,12-03-2018,0,3
1270,10426.84961,10478.59961,10377.84961,10389.5,266700,13-03-2018,1,3
1271,10410.90039,10420.34961,10336.2998,10393.0498,181400,14-03-2018,2,3
1272,10360.15039,10420.0,10346.2002,10405.4502,173900,15-03-2018,3,3
1273,10195.15039,10346.2998,10180.25,10345.15039,328500,16-03-2018,4,3
1274,10094.25,10224.5498,10075.2998,10215.34961,210200,19-03-2018,0,3
1275,10124.34961,10155.65039,10049.09961,10051.5498,203000,20-03-2018,1,3
1276,10155.25,10227.2998,10132.9502,10181.9502,204800,21-03-2018,2,3
1277,10114.75,10207.84961,10105.40039,10167.5,230500,22-03-2018,3,3
1278,9998.049805,10027.7002,9951.900391,9968.799805,285700,23-03-2018,4,3
1279,10130.65039,10143.5,9958.549805,9989.150391,262600,26-03-2018,0,3
1280,10184.15039,10207.90039,10139.65039,10188.0,225700,27-03-2018,1,3
1281,10113.7002,10158.34961,10096.90039,10143.59961,344400,28-03-2018,2,3
1282,10211.7998,10220.09961,10127.75,10151.65039,225400,02-04-2018,0,4
1283,10245.0,10255.34961,10171.0498,10186.84961,205300,03-04-2018,1,4
1284,10128.40039,10279.84961,10111.2998,10274.59961,231100,04-04-2018,2,4
1285,10325.15039,10331.7998,10227.4502,10228.4502,236800,05-04-2018,3,4
1286,10331.59961,10350.4502,10290.84961,10322.75,200200,06-04-2018,4,4
1287,10379.34961,10397.7002,10328.5,10333.7002,221600,09-04-2018,0,4
1288,10402.25,10424.84961,10381.5,10412.90039,251700,10-04-2018,1,4
1289,10417.15039,10428.15039,10355.59961,10428.15039,250400,11-04-2018,2,4
1290,10458.65039,10469.90039,10395.25,10410.65039,238600,12-04-2018,3,4
1291,10480.59961,10519.90039,10451.4502,10495.2998,213100,13-04-2018,4,4
1292,10528.34961,10540.15039,10396.34961,10398.2998,195000,16-04-2018,0,4
1293,10548.7002,10560.4502,10495.65039,10557.2998,206100,17-04-2018,1,4
1294,10526.2002,10594.2002,10509.7002,10578.90039,205400,18-04-2018,2,4
1295,10565.2998,10572.2002,10546.2002,10563.65039,262600,19-04-2018,3,4
1296,10564.0498,10582.34961,10527.4502,10560.34961,244600,20-04-2018,4,4
1297,10584.7002,10638.34961,10514.9502,10592.7998,194200,23-04-2018,0,4
1298,10614.34961,10636.7998,10569.0,10578.09961,219200,24-04-2018,1,4
1299,10570.5498,10612.59961,10536.4502,10612.40039,189200,25-04-2018,2,4
1300,10617.7998,10628.40039,10559.65039,10586.5,335100,26-04-2018,3,4
1301,10692.2998,10719.7998,10647.5498,10651.65039,0,27-04-2018,4,4
1302,10739.34961,10759.0,10704.59961,10705.75,173800,30-04-2018,0,4
1303,10718.0498,10784.65039,10689.7998,10783.84961,229700,02-05-2018,2,5
1304,10679.65039,10720.59961,10647.4502,10720.15039,185200,03-05-2018,3,5
1305,10618.25,10700.4502,10601.59961,10700.4502,186500,04-05-2018,4,5
1306,10715.5,10725.65039,10635.65039,10653.15039,168400,07-05-2018,0,5
1307,10717.7998,10758.5498,10689.40039,10757.90039,269800,08-05-2018,1,5
1308,10741.7002,10766.25,10689.84961,10693.34961,215400,09-05-2018,2,5
1309,10716.5498,10785.5498,10705.0,10779.65039,192100,10-05-2018,3,5
1310,10806.5,10812.0498,10724.4502,10741.9502,203100,11-05-2018,4,5
1311,10806.59961,10834.84961,10774.75,10815.15039,171400,14-05-2018,0,5
1312,10801.84961,10929.2002,10781.40039,10812.59961,254300,15-05-2018,1,5
1313,10741.09961,10790.4502,10699.7002,10751.9502,231100,16-05-2018,2,5
1314,10682.7002,10777.25,10664.5,10775.59961,214100,17-05-2018,3,5
1315,10596.40039,10674.9502,10589.09961,10671.84961,223000,18-05-2018,4,5
1316,10516.7002,10621.7002,10505.7998,10616.7002,0,21-05-2018,0,5
1317,10536.7002,10558.59961,10490.5498,10518.4502,241700,22-05-2018,1,5
1318,10430.34961,10533.5498,10417.7998,10521.09961,290900,23-05-2018,2,5
1319,10513.84961,10535.15039,10419.7998,10464.84961,297600,24-05-2018,3,5
1320,10605.15039,10628.0498,10524.0,10533.0498,260800,25-05-2018,4,5
1321,10688.65039,10709.7998,10640.5498,10648.34961,232600,28-05-2018,0,5
1322,10633.2998,10717.25,10616.09961,10689.40039,225800,29-05-2018,1,5
1323,10614.34961,10648.7002,10558.4502,10579.0,238700,30-05-2018,2,5
1324,10736.15039,10763.7998,10620.40039,10670.09961,610300,31-05-2018,3,5
1325,10696.2002,10764.75,10681.5,10738.4502,220600,01-06-2018,4,6
1326,10628.5,10770.2998,10618.34961,10765.9502,203800,04-06-2018,0,6
1327,10593.15039,10633.15039,10550.90039,10630.7002,167700,05-06-2018,1,6
1328,10684.65039,10698.34961,10587.5,10603.4502,189900,06-06-2018,2,6
1329,10768.34961,10818.0,10722.59961,10722.59961,220900,07-06-2018,3,6
1330,10767.65039,10779.4502,10709.0498,10736.40039,209400,08-06-2018,4,6
1331,10786.9502,10850.5498,10777.0498,10781.84961,211400,11-06-2018,0,6
1332,10842.84961,10856.5498,10789.40039,10816.15039,198300,12-06-2018,1,6
1333,10856.7002,10893.25,10842.65039,10887.5,213400,13-06-2018,2,6
1334,10808.0498,10833.7002,10773.5498,10832.90039,184300,14-06-2018,3,6
1335,10817.7002,10834.0,10755.40039,10808.65039,305400,15-06-2018,4,6
1336,10799.84961,10830.2002,10787.34961,10830.2002,196600,18-06-2018,0,6
1337,10710.4502,10789.4502,10701.2002,10789.4502,224500,19-06-2018,1,6
1338,10772.0498,10781.7998,10724.0498,10734.65039,193500,20-06-2018,2,6
1339,10741.09961,10809.59961,10725.90039,10808.4502,223600,21-06-2018,3,6
1340,10821.84961,10837.0,10710.4502,10742.7002,229800,22-06-2018,4,6
1341,10762.4502,10831.0498,10753.0498,10822.90039,229600,25-06-2018,0,6
1342,10769.15039,10805.25,10732.5498,10742.7002,220000,26-06-2018,1,6
1343,10671.40039,10785.5,10652.40039,10785.5,246000,27-06-2018,2,6
1344,10589.09961,10674.2002,10557.7002,10660.7998,352300,28-06-2018,3,6
1345,10714.2998,10723.0498,10612.34961,10612.84961,242800,29-06-2018,4,6
1346,10657.2998,10736.15039,10604.65039,10732.34961,295400,02-07-2018,0,7
1347,10699.90039,10713.2998,10630.25,10668.59961,202100,03-07-2018,1,7
1348,10769.90039,10777.15039,10677.75,10715.0,173900,04-07-2018,2,7
1349,10749.75,10786.0498,10726.25,10786.0498,220500,05-07-2018,3,7
1350,10772.65039,10816.34961,10735.0498,10744.15039,0,06-07-2018,4,7
1351,10852.90039,10860.34961,10807.15039,10838.2998,183600,09-07-2018,0,7
1352,10947.25,10956.90039,10876.65039,10902.75,197000,10-07-2018,1,7
1353,10948.2998,10976.65039,10923.0,10956.40039,222300,11-07-2018,2,7
1354,11023.2002,11078.2998,10999.65039,11006.9502,248300,12-07-2018,3,7
1355,11018.90039,11071.34961,10999.75,11056.90039,0,13-07-2018,4,7
1356,10936.84961,11019.5,10926.25,11018.9502,210500,16-07-2018,0,7
1357,11008.0498,11018.5,10925.59961,10939.65039,210600,17-07-2018,1,7
1358,10980.4502,11076.2002,10956.2998,11060.2002,225500,18-07-2018,2,7
1359,10957.09961,11006.5,10935.4502,10999.5,215400,19-07-2018,3,7
1360,11010.2002,11030.25,10946.2002,10963.5,187300,20-07-2018,4,7
1361,11084.75,11093.40039,11010.9502,11019.84961,229100,23-07-2018,0,7
1362,11134.2998,11143.40039,11092.5,11109.0,205800,24-07-2018,1,7
1363,11132.0,11157.15039,11113.25,11148.40039,205900,25-07-2018,2,7
1364,11167.2998,11185.84961,11125.7002,11132.9502,365400,26-07-2018,3,7
1365,11278.34961,11283.40039,11210.25,11232.75,314600,27-07-2018,4,7
1366,11319.5498,11328.09961,11261.4502,11296.65039,278800,30-07-2018,0,7
1367,11356.5,11366.0,11267.75,11311.0498,256500,31-07-2018,1,7
1368,11346.2002,11390.5498,11313.5498,11359.7998,269700,01-08-2018,2,8
1369,11244.7002,11328.90039,11234.9502,11328.90039,210000,02-08-2018,3,8
1370,11360.7998,11368.0,11294.5498,11297.7998,218300,03-08-2018,4,8
1371,11387.09961,11427.65039,11370.59961,11401.5,203700,06-08-2018,0,8
1372,11389.4502,11428.9502,11359.7002,11423.15039,226400,07-08-2018,1,8
1373,11450.0,11459.9502,11379.2998,11412.5,210500,08-08-2018,2,8
1374,11470.7002,11495.2002,11454.09961,11493.25,302200,09-08-2018,3,8
1375,11429.5,11478.75,11419.65039,11474.9502,0,10-08-2018,4,8
1376,11355.75,11406.2998,11340.2998,11369.59961,246900,13-08-2018,0,8
1377,11435.09961,11452.4502,11370.7998,11381.7002,232600,14-08-2018,1,8
1378,11385.0498,11449.84961,11366.25,11397.15039,290600,16-08-2018,3,8
1379,11470.75,11486.4502,11431.7998,11437.15039,234700,17-08-2018,4,8
1380,11551.75,11565.2998,11499.65039,11502.09961,232600,20-08-2018,0,8
1381,11570.90039,11581.75,11539.59961,11576.2002,224200,21-08-2018,1,8
1382,11582.75,11620.7002,11546.7002,11620.7002,248500,23-08-2018,3,8
1383,11557.09961,11604.59961,11532.0,11566.59961,218800,24-08-2018,4,8
1384,11691.9502,11700.9502,11595.59961,11605.84961,199500,27-08-2018,0,8
1385,11738.5,11760.2002,11710.5,11731.9502,241900,28-08-2018,1,8
1386,11691.90039,11753.2002,11678.84961,11744.9502,251600,29-08-2018,2,8
1387,11676.7998,11698.7998,11639.7002,11694.75,313800,30-08-2018,3,8
1388,11680.5,11727.65039,11640.09961,11675.84961,346500,31-08-2018,4,8
1389,11582.34961,11751.7998,11567.40039,11751.7998,234400,03-09-2018,0,9
1390,11520.2998,11602.5498,11496.84961,11598.75,254800,04-09-2018,1,9
1391,11476.9502,11542.65039,11393.84961,11514.84961,246100,05-09-2018,2,9
1392,11536.90039,11562.25,11436.0498,11514.15039,247900,06-09-2018,3,9
1393,11589.09961,11603.0,11484.40039,11558.25,295900,07-09-2018,4,9
1394,11438.09961,11573.0,11427.2998,11570.25,286700,10-09-2018,0,9
1395,11287.5,11479.40039,11274.0,11476.84961,0,11-09-2018,1,9
1396,11369.90039,11380.75,11250.2002,11340.09961,268200,12-09-2018,2,9
1397,11515.2002,11523.25,11430.5498,11443.5,276600,14-09-2018,4,9
1398,11377.75,11464.9502,11366.90039,11464.9502,201400,17-09-2018,0,9
1399,11278.90039,11411.4502,11268.9502,11381.5498,240900,18-09-2018,1,9
1400,11234.34961,11332.0498,11210.90039,11326.65039,250600,19-09-2018,2,9
1401,11143.09961,11346.7998,10866.4502,11271.2998,719000,21-09-2018,4,9
1402,10967.40039,11170.15039,10943.59961,11164.40039,0,24-09-2018,0,9
1403,11067.4502,11080.59961,10882.84961,10969.9502,405000,25-09-2018,1,9
1404,11053.7998,11145.5498,10993.0498,11145.5498,340500,26-09-2018,2,9
1405,10977.5498,11089.4502,10953.34961,11079.7998,405700,27-09-2018,3,9
1406,10930.4502,11034.09961,10850.2998,11008.09961,478100,28-09-2018,4,9
1407,11008.2998,11035.65039,10821.5498,10930.90039,387000,01-10-2018,0,10
1408,10858.25,10989.0498,10843.75,10982.7002,386800,03-10-2018,2,10
1409,10599.25,10754.7002,10547.25,10754.7002,425100,04-10-2018,3,10
1410,10316.4502,10540.65039,10261.90039,10514.09961,606400,05-10-2018,4,10
1411,10348.0498,10398.34961,10198.40039,10310.15039,456200,08-10-2018,0,10
1412,10301.0498,10397.59961,10279.34961,10390.2998,430500,09-10-2018,1,10
1413,10460.09961,10482.34961,10318.25,10331.84961,0,10-10-2018,2,10
1414,10234.65039,10335.9502,10138.59961,10169.7998,483500,11-10-2018,3,10
1415,10472.5,10492.4502,10322.15039,10331.5498,343500,12-10-2018,4,10
1416,10512.5,10526.2998,10410.15039,10524.2002,259500,15-10-2018,0,10
1417,10584.75,10604.90039,10525.2998,10550.15039,265200,16-10-2018,1,10
1418,10453.0498,10710.15039,10436.4502,10688.7002,284800,17-10-2018,2,10
1419,10303.5498,10380.09961,10249.59961,10339.7002,357500,19-10-2018,4,10
1420,10245.25,10408.5498,10224.0,10405.84961,297300,22-10-2018,0,10
1421,10146.7998,10222.09961,10102.34961,10152.59961,302600,23-10-2018,1,10
1422,10224.75,10290.65039,10126.7002,10278.15039,351400,24-10-2018,2,10
1423,10124.90039,10166.59961,10079.2998,10135.0498,0,25-10-2018,3,10
1424,10030.0,10128.84961,10004.5498,10122.34961,364300,26-10-2018,4,10
1425,10250.84961,10275.2998,10020.34961,10078.09961,364400,29-10-2018,0,10
1426,10198.40039,10285.09961,10175.34961,10239.40039,289800,30-10-2018,1,10
1427,10386.59961,10396.0,10105.09961,10209.5498,375000,31-10-2018,2,10
1428,10380.4502,10441.90039,10341.90039,10441.7002,348500,01-11-2018,3,11
1429,10553.0,10606.9502,10457.7002,10462.2998,421200,02-11-2018,4,11
1430,10524.0,10558.7998,10477.0,10558.75,301900,05-11-2018,0,11
1431,10530.0,10600.25,10491.4502,10552.0,0,06-11-2018,1,11
1432,10598.40039,10616.4502,10582.2998,10614.4502,31200,07-11-2018,2,11
1433,10585.2002,10619.5498,10544.84961,10614.7002,296600,09-11-2018,4,11
1434,10482.2002,10645.5,10464.0498,10607.7998,259700,12-11-2018,0,11
1435,10582.5,10596.25,10440.5498,10451.90039,254600,13-11-2018,1,11
1436,10576.2998,10651.59961,10532.7002,10634.90039,384500,14-11-2018,2,11
1437,10616.7002,10646.5,10557.5,10580.59961,0,15-11-2018,3,11
1438,10682.2002,10695.15039,10631.15039,10644.0,342800,16-11-2018,4,11
1439,10763.40039,10774.7002,10688.7998,10731.25,272100,19-11-2018,0,11
1440,10656.2002,10740.84961,10640.84961,10740.09961,295200,20-11-2018,1,11
1441,10600.0498,10671.2998,10562.34961,10670.9502,300900,21-11-2018,2,11
1442,10526.75,10646.25,10512.0,10612.65039,239500,22-11-2018,3,11
1443,10628.59961,10637.7998,10489.75,10568.2998,0,26-11-2018,0,11
1444,10685.59961,10695.15039,10596.34961,10621.4502,0,27-11-2018,1,11
1445,10728.84961,10757.7998,10699.84961,10708.75,424500,28-11-2018,2,11
1446,10858.7002,10883.0498,10782.34961,10808.7002,691300,29-11-2018,3,11
1447,10876.75,10922.4502,10835.09961,10892.09961,453900,30-11-2018,4,11
1448,10883.75,10941.2002,10845.34961,10930.7002,409700,03-12-2018,0,12
1449,10869.5,10890.9502,10833.34961,10877.09961,322100,04-12-2018,1,12
1450,10782.90039,10821.0498,10747.9502,10820.4502,312300,05-12-2018,2,12
1451,10601.15039,10722.65039,10588.25,10718.15039,318500,06-12-2018,3,12
1452,10693.7002,10704.5498,10599.34961,10644.7998,325800,07-12-2018,4,12
1453,10488.4502,10558.84961,10474.9502,10508.7002,381300,10-12-2018,0,12
1454,10549.15039,10567.15039,10333.84961,10350.0498,425500,11-12-2018,1,12
1455,10737.59961,10752.2002,10560.7998,10591.0,360500,12-12-2018,2,12
1456,10791.5498,10838.59961,10749.5,10810.75,376200,13-12-2018,3,12
1457,10805.4502,10815.75,10752.09961,10784.5,340100,14-12-2018,4,12
1458,10888.34961,10900.34961,10844.84961,10853.2002,296900,17-12-2018,0,12
1459,10908.7002,10915.40039,10819.09961,10850.90039,286100,18-12-2018,1,12
1460,10967.2998,10985.15039,10928.0,10930.5498,312100,19-12-2018,2,12
1461,10951.7002,10962.5498,10880.0498,10885.2002,318900,20-12-2018,3,12
1462,10754.0,10963.65039,10738.65039,10944.25,377500,21-12-2018,4,12
1463,10663.5,10782.2998,10649.25,10780.90039,223400,24-12-2018,0,12
1464,10729.84961,10747.5,10534.5498,10635.4502,263700,26-12-2018,2,12
1465,10779.7998,10834.2002,10764.4502,10817.90039,456100,27-12-2018,3,12
1466,10859.90039,10893.59961,10817.15039,10820.9502,245500,28-12-2018,4,12
1467,10862.5498,10923.5498,10853.2002,10913.2002,180900,31-12-2018,0,12
1468,10792.5,10895.34961,10735.0498,10868.84961,309700,02-01-2019,2,1
1469,10672.25,10814.0498,10661.25,10796.7998,286200,03-01-2019,3,1
1470,10727.34961,10741.0498,10628.65039,10699.7002,296600,04-01-2019,4,1
1471,10771.7998,10835.9502,10750.15039,10804.84961,269400,07-01-2019,0,1
1472,10802.15039,10818.4502,10733.25,10786.25,277700,08-01-2019,1,1
1473,10855.15039,10870.40039,10749.40039,10862.40039,333000,09-01-2019,2,1
1474,10821.59961,10859.34961,10801.7998,10859.34961,254400,10-01-2019,3,1
1475,10794.9502,10850.15039,10739.40039,10834.75,260800,11-01-2019,4,1
1476,10737.59961,10808.0,10692.34961,10807.0,298800,14-01-2019,0,1
1477,10886.7998,10896.9502,10777.5498,10777.5498,310700,15-01-2019,1,1
1478,10890.2998,10928.15039,10876.90039,10899.65039,276500,16-01-2019,2,1
1479,10905.2002,10930.65039,10844.65039,10920.84961,271700,17-01-2019,3,1
1480,10906.9502,10928.2002,10852.2002,10914.84961,323800,18-01-2019,4,1
1481,10961.84961,10987.4502,10885.75,10919.34961,288800,21-01-2019,0,1
1482,10922.75,10949.7998,10864.15039,10949.7998,300800,22-01-2019,1,1
1483,10831.5,10944.7998,10811.9502,10931.0498,298900,23-01-2019,2,1
1484,10849.7998,10866.59961,10798.65039,10844.0498,361100,24-01-2019,3,1
1485,10780.5498,10931.7002,10756.4502,10859.75,463400,25-01-2019,4,1
1486,10661.5498,10804.4502,10630.9502,10792.4502,419700,28-01-2019,0,1
1487,10652.2002,10690.34961,10583.65039,10653.7002,356900,29-01-2019,1,1
1488,10651.7998,10710.2002,10612.84961,10702.25,410100,30-01-2019,2,1
1489,10830.9502,10838.0498,10678.5498,10690.5498,604800,31-01-2019,3,1
1490,10893.65039,10983.4502,10813.4502,10851.34961,482300,01-02-2019,4,2
1491,10912.25,10927.90039,10814.15039,10876.75,318300,04-02-2019,0,2
1492,10934.34961,10956.7002,10886.7002,10908.65039,268100,05-02-2019,1,2
1493,11062.4502,11072.59961,10962.7002,10965.09961,298500,06-02-2019,2,2
1494,11069.40039,11118.09961,11043.59961,11070.4502,263500,07-02-2019,3,2
1495,10943.59961,11041.2002,10925.4502,11023.5,352800,08-02-2019,4,2
1496,10888.7998,10930.90039,10857.09961,10930.90039,286000,11-02-2019,0,2
1497,10831.40039,10910.90039,10823.7998,10879.7002,292300,12-02-2019,1,2
1498,10746.0498,10792.7002,10718.75,10786.09961,627000,14-02-2019,3,2
1499,10724.40039,10785.75,10620.40039,10780.25,521900,15-02-2019,4,2
1500,10640.9502,10759.90039,10628.40039,10738.65039,345400,18-02-2019,0,2
1501,10604.34961,10722.84961,10585.65039,10636.7002,291500,19-02-2019,1,2
1502,10735.4502,10752.7002,10646.40039,10655.4502,289200,20-02-2019,2,2
1503,10789.84961,10808.84961,10721.5,10744.09961,279600,21-02-2019,3,2
1504,10791.65039,10801.5498,10758.40039,10782.7002,396800,22-02-2019,4,2
1505,10880.09961,10887.09961,10788.0498,10813.25,385900,25-02-2019,0,2
1506,10835.2998,10888.75,10729.2998,10775.2998,415000,26-02-2019,1,2
1507,10806.65039,10939.7002,10751.2002,10881.2002,381100,27-02-2019,2,2
1508,10792.5,10865.7002,10784.84961,10865.7002,644200,28-02-2019,3,2
1509,10863.5,10877.90039,10823.09961,10842.65039,308500,01-03-2019,4,3
1510,10987.4502,10994.90039,10817.0,10864.84961,373200,05-03-2019,1,3
1511,11053.0,11062.2998,10998.84961,11024.84961,372600,06-03-2019,2,3
1512,11058.2002,11089.0498,11027.09961,11077.9502,321200,07-03-2019,3,3
1513,11035.40039,11049.0,11008.9502,11038.84961,326600,08-03-2019,4,3
1514,11168.0498,11180.90039,11059.84961,11068.75,352200,11-03-2019,0,3
1515,11301.2002,11320.40039,11227.0,11231.34961,391300,12-03-2019,1,3
1516,11341.7002,11352.2998,11276.59961,11326.2002,383000,13-03-2019,2,3
1517,11343.25,11383.4502,11313.75,11382.5,294500,14-03-2019,3,3
1518,11426.84961,11487.0,11370.7998,11376.84961,463700,15-03-2019,4,3
1519,11462.2002,11530.15039,11412.5,11473.84961,320300,18-03-2019,0,3
1520,11532.40039,11543.84961,11451.25,11500.2998,326100,19-03-2019,1,3
1521,11521.0498,11556.09961,11503.09961,11553.34961,366300,20-03-2019,2,3
1522,11456.90039,11572.7998,11434.5498,11549.2002,386200,22-03-2019,4,3
1523,11354.25,11395.65039,11311.59961,11395.65039,294500,25-03-2019,0,3
1524,11483.25,11496.75,11352.4502,11375.2002,282600,26-03-2019,1,3
1525,11445.0498,11546.2002,11413.0,11531.4502,350400,27-03-2019,2,3
1526,11570.0,11588.5,11452.4502,11463.65039,527700,28-03-2019,3,3
1527,11669.15039,11738.09961,11644.75,11665.2002,379600,01-04-2019,0,4
1528,11713.2002,11729.34961,11655.84961,11711.5498,386100,02-04-2019,1,4
1529,11643.9502,11761.0,11629.15039,11735.2998,365800,03-04-2019,2,4
1530,11598.0,11662.5498,11559.2002,11660.2002,349000,04-04-2019,3,4
1531,11665.9502,11689.65039,11609.5,11638.40039,266700,05-04-2019,4,4
1532,11604.5,11710.2998,11549.09961,11704.34961,260900,08-04-2019,0,4
1533,11671.9502,11683.90039,11569.7002,11612.0498,300500,09-04-2019,1,4
1534,11584.2998,11680.0498,11571.75,11646.84961,359900,10-04-2019,2,4
1535,11596.7002,11606.7002,11550.5498,11592.5498,279800,11-04-2019,3,4
1536,11643.4502,11657.34961,11578.7998,11612.84961,246000,12-04-2019,4,4
1537,11690.34961,11704.59961,11648.25,11667.0,290000,15-04-2019,0,4
1538,11787.15039,11810.9502,11731.5498,11736.2002,354300,16-04-2019,1,4
1539,11752.7998,11856.15039,11738.5,11856.15039,339700,18-04-2019,3,4
1540,11594.4502,11727.0498,11583.9502,11727.0498,260400,22-04-2019,0,4
1541,11575.9502,11645.9502,11564.7998,11612.9502,272500,23-04-2019,1,4
1542,11726.15039,11740.84961,11578.84961,11601.5,335200,24-04-2019,2,4
1543,11641.7998,11796.75,11624.2998,11735.7002,604400,25-04-2019,3,4
1544,11754.65039,11762.90039,11661.75,11683.75,333500,26-04-2019,4,4
1545,11748.15039,11756.25,11655.90039,11748.75,532600,30-04-2019,1,4
1546,11724.75,11789.2998,11699.5498,11725.5498,380300,02-05-2019,3,5
1547,11712.25,11770.90039,11699.34961,11722.59961,305500,03-05-2019,4,5
1548,11598.25,11632.5498,11571.34961,11605.7998,299000,06-05-2019,0,5
1549,11497.90039,11657.0498,11484.4502,11651.5,337500,07-05-2019,1,5
1550,11359.4502,11479.09961,11346.9502,11478.7002,372800,08-05-2019,2,5
1551,11301.7998,11357.59961,11255.0498,11322.40039,373000,09-05-2019,3,5
1552,11278.90039,11345.7998,11251.0498,11314.15039,387300,10-05-2019,4,5
1553,11148.2002,11300.2002,11125.59961,11258.7002,357600,13-05-2019,0,5
1554,11222.0498,11294.75,11108.2998,11151.65039,398100,14-05-2019,1,5
1555,11157.0,11286.7998,11136.9502,11271.7002,414200,15-05-2019,2,5
1556,11257.09961,11281.5498,11143.34961,11180.34961,350700,16-05-2019,3,5
1557,11407.15039,11426.15039,11259.84961,11261.90039,412100,17-05-2019,4,5
1558,11828.25,11845.2002,11591.7002,11651.90039,452100,20-05-2019,0,5
1559,11709.09961,11883.5498,11682.7998,11863.65039,381000,21-05-2019,1,5
1560,11737.90039,11784.7998,11682.40039,11727.9502,355900,22-05-2019,2,5
1561,11657.0498,12041.15039,11614.5,11901.2998,569000,23-05-2019,3,5
1562,11844.09961,11859.0,11658.09961,11748.0,374600,24-05-2019,4,5
1563,11924.75,11957.15039,11812.40039,11855.5,348400,27-05-2019,0,5
1564,11928.75,11958.5498,11864.90039,11958.34961,598300,28-05-2019,1,5
1565,11861.09961,11931.90039,11836.7998,11905.7998,318100,29-05-2019,2,5
1566,11945.90039,11968.5498,11859.40039,11865.2998,421200,30-05-2019,3,5
1567,11922.7998,12039.25,11829.4502,11999.7998,438900,31-05-2019,4,5
1568,12088.5498,12103.0498,11920.09961,11953.75,315300,03-06-2019,0,6
1569,12021.65039,12095.2002,12005.84961,12052.65039,289200,04-06-2019,1,6
1570,11843.75,12039.7998,11830.25,12039.7998,415200,06-06-2019,3,6
1571,11870.65039,11897.5,11769.5,11865.2002,302500,07-06-2019,4,6
1572,11922.7002,11975.0498,11871.75,11934.90039,303300,10-06-2019,0,6
1573,11965.59961,12000.34961,11904.34961,11959.84961,332200,11-06-2019,1,6
1574,11906.2002,11962.4502,11866.34961,11962.4502,283700,12-06-2019,2,6
1575,11914.0498,11931.34961,11817.0498,11873.90039,447900,13-06-2019,3,6
1576,11823.2998,11911.84961,11797.7002,11910.09961,390300,14-06-2019,4,6
1577,11672.15039,11844.0498,11657.75,11844.0,295500,17-06-2019,0,6
1578,11691.5,11727.2002,11641.15039,11677.0498,365500,18-06-2019,1,6
1579,11691.4502,11802.5,11625.09961,11744.4502,446900,19-06-2019,2,6
1580,11831.75,11843.5,11635.0498,11653.65039,442000,20-06-2019,3,6
1581,11724.09961,11827.9502,11705.09961,11827.59961,468400,21-06-2019,4,6
1582,11699.65039,11754.0,11670.2002,11725.7998,277600,24-06-2019,0,6
1583,11796.4502,11814.40039,11651.0,11681.0,300500,25-06-2019,1,6
1584,11847.5498,11871.84961,11757.5498,11768.15039,327900,26-06-2019,2,6
1585,11841.5498,11911.15039,11821.0498,11860.84961,480200,27-06-2019,3,6
1586,11788.84961,11871.7002,11775.5,11861.15039,303900,28-06-2019,4,6
1587,11865.59961,11884.65039,11830.7998,11839.90039,278400,01-07-2019,0,7
1588,11910.2998,11917.4502,11814.7002,11890.2998,363200,02-07-2019,1,7
1589,11916.75,11945.2002,11887.0498,11932.15039,340500,03-07-2019,2,7
1590,11946.75,11969.25,11923.65039,11928.7998,333600,04-07-2019,3,7
1591,11811.15039,11981.75,11797.90039,11964.75,530700,05-07-2019,4,7
1592,11558.59961,11771.90039,11523.2998,11770.40039,464000,08-07-2019,0,7
1593,11555.90039,11582.5498,11461.0,11531.59961,442500,09-07-2019,1,7
1594,11498.90039,11593.7002,11475.65039,11536.15039,337600,10-07-2019,2,7
1595,11582.90039,11599.0,11519.5,11561.4502,317300,11-07-2019,3,7
1596,11552.5,11639.5498,11538.59961,11601.15039,359400,12-07-2019,4,7
1597,11588.34961,11618.40039,11532.2998,11614.75,368800,15-07-2019,0,7
1598,11662.59961,11670.0498,11573.9502,11596.65039,480200,16-07-2019,1,7
1599,11687.5,11706.65039,11651.15039,11670.75,464800,17-07-2019,2,7
1600,11596.90039,11677.15039,11582.40039,11675.59961,498300,18-07-2019,3,7
1601,11419.25,11640.34961,11399.2998,11627.9502,446000,19-07-2019,4,7
1602,11346.2002,11398.15039,11301.25,11392.84961,516000,22-07-2019,0,7
1603,11331.0498,11398.15039,11302.7998,11372.25,458900,23-07-2019,1,7
1604,11271.2998,11359.75,11229.7998,11322.4502,413200,24-07-2019,2,7
1605,11252.15039,11361.40039,11239.34961,11290.40039,553700,25-07-2019,3,7
1606,11284.2998,11307.59961,11210.0498,11247.4502,522700,26-07-2019,4,7
1607,11189.2002,11310.9502,11152.40039,11307.5,482900,29-07-2019,0,7
1608,11085.40039,11267.4502,11072.65039,11213.7002,479100,30-07-2019,1,7
1609,11118.0,11145.2998,10999.40039,11034.0498,536700,31-07-2019,2,7
1610,10980.0,11076.75,10881.0,11060.2002,499900,01-08-2019,3,8
1611,10997.34961,11080.15039,10848.9502,10930.2998,547400,02-08-2019,4,8
1612,10862.59961,10895.7998,10782.59961,10895.7998,506600,05-08-2019,0,8
1613,10948.25,11018.5498,10813.7998,10815.40039,517900,06-08-2019,1,8
1614,10855.5,10975.65039,10835.90039,10958.09961,548500,07-08-2019,2,8
1615,11032.4502,11058.0498,10842.9502,10899.2002,482500,08-08-2019,3,8
1616,11109.65039,11181.4502,11062.7998,11087.90039,538100,09-08-2019,4,8
1617,10925.84961,11145.90039,10901.59961,11139.40039,624600,13-08-2019,1,8
1618,11029.40039,11078.15039,10935.59961,11003.25,511500,14-08-2019,2,8
1619,11047.7998,11068.65039,10924.2998,11043.65039,470900,16-08-2019,4,8
1620,11053.90039,11146.90039,11037.84961,11094.7998,369500,19-08-2019,0,8
1621,11017.0,11076.2998,10985.2998,11063.90039,444700,20-08-2019,1,8
1622,10918.7002,11034.2002,10906.65039,11018.15039,557900,21-08-2019,2,8
1623,10741.34961,10908.25,10718.2998,10905.2998,668200,22-08-2019,3,8
1624,10829.34961,10862.5498,10637.15039,10699.59961,667100,23-08-2019,4,8
1625,11057.84961,11070.2998,10756.5498,11000.2998,684100,26-08-2019,0,8
1626,11105.34961,11141.75,11049.5,11106.5498,685600,27-08-2019,1,8
1627,11046.09961,11129.65039,10987.65039,11101.2998,550000,28-08-2019,2,8
1628,10948.2998,11021.09961,10922.40039,10996.0498,649900,29-08-2019,3,8
1629,11023.25,11042.59961,10874.7998,10987.7998,628200,30-08-2019,4,8
1630,10797.90039,10967.5,10772.7002,10960.9502,483000,03-09-2019,1,9
1631,10844.65039,10858.75,10746.34961,10790.40039,508800,04-09-2019,2,9
1632,10847.90039,10920.09961,10816.0,10860.9502,595700,05-09-2019,3,9
1633,10946.2002,10957.0498,10867.4502,10883.7998,497200,06-09-2019,4,9
1634,11003.0498,11028.84961,10889.7998,10936.7002,412500,09-09-2019,0,9
1635,11035.7002,11054.7998,11011.65039,11028.5,687100,11-09-2019,2,9
1636,10982.7998,11081.75,10964.9502,11058.2998,551400,12-09-2019,3,9
1637,11075.90039,11084.4502,10945.75,10986.7998,624300,13-09-2019,4,9
1638,11003.5,11052.7002,10968.2002,10994.84961,434500,16-09-2019,0,9
1639,10817.59961,11000.09961,10796.5,11000.09961,482000,17-09-2019,1,9
1640,10840.65039,10885.15039,10804.84961,10872.7998,519200,18-09-2019,2,9
1641,10704.7998,10845.2002,10670.25,10845.2002,642600,19-09-2019,3,9
1642,11274.2002,11381.90039,10691.0,10746.7998,1356800,20-09-2019,4,9
1643,11600.2002,11694.84961,11471.34961,11542.7002,882800,23-09-2019,0,9
1644,11588.2002,11655.0498,11539.2002,11590.7002,651700,24-09-2019,1,9
1645,11440.2002,11564.9502,11416.09961,11564.84961,629100,25-09-2019,2,9
1646,11571.2002,11610.84961,11466.34961,11469.84961,844500,26-09-2019,3,9
1647,11512.40039,11593.59961,11499.75,11556.34961,650000,27-09-2019,4,9
1648,11474.4502,11508.25,11390.7998,11491.15039,756800,30-09-2019,0,9
1649,11359.90039,11554.2002,11247.90039,11515.40039,1305400,01-10-2019,1,10
1650,11314.0,11370.40039,11257.34961,11322.25,1017500,03-10-2019,3,10
1651,11174.75,11400.2998,11158.34961,11388.4502,928500,04-10-2019,4,10
1652,11126.40039,11233.84961,11112.65039,11196.2002,733200,07-10-2019,0,10
1653,11313.2998,11321.59961,11090.15039,11152.9502,741100,09-10-2019,2,10
1654,11234.5498,11293.34961,11208.5498,11280.5,562000,10-10-2019,3,10
1655,11305.0498,11362.90039,11189.40039,11257.7002,737800,11-10-2019,4,10
1656,11341.15039,11420.4502,11290.0498,11335.90039,587600,14-10-2019,0,10
1657,11428.2998,11462.34961,11342.09961,11360.84961,527400,15-10-2019,1,10
1658,11464.0,11481.0498,11411.09961,11464.9502,533500,16-10-2019,2,10
1659,11586.34961,11599.09961,11439.65039,11466.2998,797600,17-10-2019,3,10
1660,11661.84961,11684.7002,11553.15039,11580.2998,853400,18-10-2019,4,10
1661,11588.34961,11714.34961,11573.65039,11657.15039,867600,22-10-2019,1,10
1662,11604.09961,11651.59961,11554.40039,11596.2002,664200,23-10-2019,2,10
1663,11582.59961,11679.59961,11534.65039,11661.65039,700500,24-10-2019,3,10
1664,11583.90039,11646.90039,11490.75,11646.15039,812000,25-10-2019,4,10
1665,11786.84961,11809.40039,11627.34961,11643.9502,951700,29-10-2019,1,10
1666,11844.09961,11883.9502,11784.4502,11883.90039,725200,30-10-2019,2,10
1667,11877.4502,11945.0,11855.09961,11890.4502,1414800,31-10-2019,3,10
1668,11890.59961,11918.2998,11843.34961,11886.59961,855300,01-11-2019,4,11
1669,11941.2998,11989.15039,11905.34961,11928.90039,823100,04-11-2019,0,11
1670,11917.2002,11978.9502,11861.90039,11974.59961,632000,05-11-2019,1,11
1671,11966.0498,12002.90039,11850.25,11911.5,603400,06-11-2019,2,11
1672,12012.0498,12021.40039,11946.84961,12021.09961,563000,07-11-2019,3,11
1673,11908.15039,12034.15039,11888.75,11987.15039,789300,08-11-2019,4,11
1674,11913.4502,11932.65039,11853.9502,11879.2002,549000,11-11-2019,0,11
1675,11840.4502,11946.7998,11823.2002,11908.2998,659000,13-11-2019,2,11
1676,11872.09961,11895.65039,11802.65039,11858.75,559500,14-11-2019,3,11
1677,11895.4502,11973.65039,11879.25,11904.2002,580200,15-11-2019,4,11
1678,11884.5,11946.2002,11867.59961,11915.15039,514400,18-11-2019,0,11
1679,11940.09961,11958.84961,11881.75,11919.4502,613900,19-11-2019,1,11
1680,11999.09961,12038.59961,11966.0498,12004.75,646700,20-11-2019,2,11
1681,11968.40039,12028.2002,11956.90039,12025.65039,557700,21-11-2019,3,11
1682,11914.40039,11968.09961,11883.5,11967.2998,486800,22-11-2019,4,11
1683,12073.75,12084.5,11919.75,11922.4502,534300,25-11-2019,0,11
1684,12037.7002,12132.4502,12006.34961,12110.2002,1201300,26-11-2019,1,11
1685,12100.7002,12114.90039,12055.15039,12068.5,584200,27-11-2019,2,11
1686,12151.15039,12158.7998,12099.9502,12132.09961,620500,28-11-2019,3,11
1687,12056.0498,12147.40039,12017.40039,12146.2002,804400,29-11-2019,4,11
1688,12048.2002,12137.15039,12023.7002,12137.0498,720900,02-12-2019,0,12
1689,11994.2002,12068.59961,11956.40039,12067.65039,605800,03-12-2019,1,12
1690,12043.2002,12054.7002,11935.2998,11969.9502,747200,04-12-2019,2,12
1691,12018.40039,12081.2002,11998.75,12071.25,562200,05-12-2019,3,12
1692,11921.5,12057.0498,11888.84961,12047.34961,609200,06-12-2019,4,12
1693,11937.5,11981.9502,11888.0498,11939.09961,599100,09-12-2019,0,12
1694,11856.7998,11953.2002,11844.7002,11950.5,650200,10-12-2019,1,12
1695,11910.15039,11923.2002,11832.2998,11867.34961,997700,11-12-2019,2,12
1696,11971.7998,12005.5,11934.0,11944.2998,752600,12-12-2019,3,12
1697,12086.7002,12098.84961,12023.59961,12026.40039,597700,13-12-2019,4,12
1698,12053.9502,12134.65039,12046.2998,12131.34961,437700,16-12-2019,0,12
1699,12165.0,12182.75,12070.34961,12082.4502,499600,17-12-2019,1,12
1700,12221.65039,12237.7002,12163.4502,12197.0,518900,18-12-2019,2,12
1701,12259.7002,12268.34961,12191.15039,12223.40039,623100,19-12-2019,3,12
1702,12271.7998,12293.90039,12252.75,12266.4502,810700,20-12-2019,4,12
1703,12262.75,12287.15039,12213.25,12235.4502,604800,23-12-2019,0,12
1704,12214.5498,12283.7002,12202.09961,12269.25,470300,24-12-2019,1,12
1705,12126.5498,12221.5498,12118.84961,12211.84961,520300,26-12-2019,3,12
1706,12245.7998,12258.4502,12157.90039,12172.90039,383800,27-12-2019,4,12
1707,12255.84961,12286.4502,12213.7998,12274.90039,411100,30-12-2019,0,12
1708,12168.4502,12247.09961,12151.7998,12247.09961,426900,31-12-2019,1,12
1709,12182.5,12222.2002,12165.2998,12202.15039,304100,01-01-2020,2,1
1710,12282.2002,12289.90039,12195.25,12198.5498,407700,02-01-2020,3,1
1711,12226.65039,12265.59961,12191.34961,12261.09961,428800,03-01-2020,4,1
1712,11993.0498,12179.09961,11974.2002,12170.59961,396500,06-01-2020,0,1
1713,12052.9502,12152.15039,12005.34961,12079.09961,447800,07-01-2020,1,1
1714,12025.34961,12044.9502,11929.59961,11939.09961,446000,08-01-2020,2,1
1715,12215.90039,12224.0498,12132.5498,12153.15039,477500,09-01-2020,3,1
1716,12256.7998,12311.2002,12213.2002,12271.0,660600,10-01-2020,4,1
1717,12329.5498,12337.75,12285.7998,12296.7002,501000,13-01-2020,0,1
1718,12362.2998,12374.25,12308.7002,12333.09961,616300,14-01-2020,1,1
1719,12343.2998,12355.15039,12278.75,12349.40039,684400,15-01-2020,2,1
1720,12355.5,12389.0498,12315.7998,12347.09961,395700,16-01-2020,3,1
1721,12352.34961,12385.4502,12321.40039,12328.40039,502100,17-01-2020,4,1
1722,12224.5498,12430.5,12216.90039,12430.5,491600,20-01-2020,0,1
1723,12169.84961,12230.0498,12162.2998,12195.2998,400,21-01-2020,1,1
1724,12106.90039,12225.0498,12087.90039,12218.34961,500,22-01-2020,2,1
1725,12180.34961,12189.0,12094.09961,12123.75,867700,23-01-2020,3,1
1726,12248.25,12272.15039,12149.65039,12174.5498,593200,24-01-2020,4,1
1727,12119.0,12216.59961,12107.0,12197.09961,441200,27-01-2020,0,1
1728,12055.7998,12163.5498,12024.5,12148.09961,478500,28-01-2020,1,1
1729,12129.5,12169.59961,12103.7998,12114.90039,514400,29-01-2020,2,1
1730,12035.7998,12150.2998,12010.59961,12147.75,538100,30-01-2020,3,1
1731,11962.09961,12103.5498,11945.84961,12100.40039,771300,31-01-2020,4,1
1732,11707.90039,11749.84961,11614.5,11627.4502,669800,03-02-2020,0,2
1733,11979.65039,11986.15039,11783.40039,11786.25,560400,04-02-2020,1,2
1734,12089.15039,12098.15039,11953.34961,12005.84961,758000,05-02-2020,2,2
1735,12137.9502,12160.59961,12084.65039,12120.0,565100,06-02-2020,3,2
1736,12098.34961,12154.7002,12073.9502,12151.15039,473500,07-02-2020,4,2
1737,12031.5,12103.5498,11990.75,12102.34961,524700,10-02-2020,0,2
1738,12107.90039,12172.2998,12099.0,12108.40039,480000,11-02-2020,1,2
1739,12201.2002,12231.75,12144.2998,12151.0,411700,12-02-2020,2,2
1740,12174.65039,12225.65039,12139.7998,12219.5498,501200,13-02-2020,3,2
1741,12113.4502,12246.7002,12091.2002,12190.15039,622800,14-02-2020,4,2
1742,12045.7998,12159.59961,12037.0,12131.7998,0,17-02-2020,0,2
1743,11992.5,12030.75,11908.0498,12028.25,676900,18-02-2020,1,2
1744,12125.90039,12134.7002,12042.09961,12090.59961,513600,19-02-2020,2,2
1745,12080.84961,12152.0,12071.4502,12119.0,502600,20-02-2020,3,2
1746,11829.40039,12012.5498,11813.40039,12012.5498,490800,24-02-2020,0,2
1747,11797.90039,11883.0498,11779.90039,11877.5,461000,25-02-2020,1,2
1748,11678.5,11783.25,11639.59961,11738.5498,567600,26-02-2020,2,2
1749,11633.2998,11663.84961,11536.7002,11661.25,608600,27-02-2020,3,2
1750,11201.75,11384.7998,11175.0498,11382.0,809900,28-02-2020,4,2
1751,11132.75,11433.0,11036.25,11387.34961,680800,02-03-2020,0,3
1752,11303.2998,11342.25,11152.5498,11217.5498,696500,03-03-2020,1,3
1753,11251.0,11356.59961,11082.15039,11351.34961,797700,04-03-2020,2,3
1754,11269.0,11389.5,11244.59961,11306.0498,1352500,05-03-2020,3,3
1755,10989.4502,11035.09961,10827.40039,10942.65039,1811000,06-03-2020,4,3
1756,10451.4502,10751.5498,10294.4502,10742.0498,1565500,09-03-2020,0,3
1757,10458.40039,10545.09961,10334.0,10334.2998,1218500,11-03-2020,2,3
1758,9590.150391,10040.75,9508.0,10039.9502,1343500,12-03-2020,3,3
1759,9955.200195,10159.40039,8555.150391,9107.599609,1388000,13-03-2020,4,3
1760,9197.400391,9602.200195,9165.099609,9587.799805,897700,16-03-2020,0,3
1761,8967.049805,9403.799805,8915.599609,9285.400391,935600,17-03-2020,1,3
1762,8468.799805,9127.549805,8407.049805,9088.450195,1516600,18-03-2020,2,3
1763,8263.450195,8575.450195,7832.549805,8063.299805,925700,19-03-2020,3,3
1764,8745.450195,8883.0,8178.200195,8284.450195,1071500,20-03-2020,4,3
1765,7610.25,8159.25,7583.600098,7945.700195,653500,23-03-2020,0,3
1766,7801.049805,8036.950195,7511.100098,7848.299805,738400,24-03-2020,1,3
1767,8317.849609,8376.75,7714.75,7735.149902,736900,25-03-2020,2,3
1768,8641.450195,8749.049805,8304.900391,8451.0,865600,26-03-2020,3,3
1769,8660.25,9038.900391,8522.900391,8949.099609,801500,27-03-2020,4,3
1770,8281.099609,8576.0,8244.0,8385.950195,593300,30-03-2020,0,3
1771,8597.75,8678.299805,8358.0,8529.349609,712700,31-03-2020,1,3
1772,8253.799805,8588.099609,8198.349609,8584.099609,506300,01-04-2020,2,4
1773,8083.799805,8356.549805,8055.799805,8356.549805,697000,03-04-2020,4,4
1774,8792.200195,8819.400391,8360.950195,8446.299805,814200,07-04-2020,1,4
1775,8748.75,9131.700195,8653.900391,8688.900391,896500,08-04-2020,2,4
1776,9111.900391,9128.349609,8904.549805,8973.049805,742100,09-04-2020,3,4
1777,8993.849609,9112.049805,8912.400391,9103.950195,644000,13-04-2020,0,4
1778,8925.299805,9261.200195,8874.099609,9196.400391,879100,15-04-2020,2,4
1779,8992.799805,9053.75,8821.900391,8851.25,719400,16-04-2020,3,4
1780,9266.75,9324.0,9091.349609,9323.450195,684200,17-04-2020,4,4
1781,9261.849609,9390.849609,9230.799805,9390.200195,726400,20-04-2020,0,4
1782,8981.450195,9044.400391,8909.400391,9016.950195,655100,21-04-2020,1,4
1783,9187.299805,9209.75,8946.25,9026.75,734400,22-04-2020,2,4
1784,9313.900391,9343.599609,9170.150391,9232.349609,666700,23-04-2020,3,4
1785,9154.400391,9296.900391,9141.299805,9163.900391,659400,24-04-2020,4,4
1786,9282.299805,9377.099609,9250.349609,9259.700195,512800,27-04-2020,0,4
1787,9380.900391,9404.400391,9260.0,9389.799805,614500,28-04-2020,1,4
1788,9553.349609,9599.849609,9392.349609,9408.599609,653000,29-04-2020,2,4
1789,9859.900391,9889.049805,9731.5,9753.5,931200,30-04-2020,3,4
1790,9293.5,9533.5,9266.950195,9533.5,687500,04-05-2020,0,5
1791,9205.599609,9450.900391,9190.75,9429.400391,725200,05-05-2020,1,5
1792,9270.900391,9346.900391,9116.5,9226.799805,722200,06-05-2020,2,5
1793,9199.049805,9277.849609,9175.900391,9234.049805,708700,07-05-2020,3,5
1794,9251.5,9382.650391,9238.200195,9376.950195,609100,08-05-2020,4,5
1795,9239.200195,9439.900391,9219.950195,9348.150391,704600,11-05-2020,0,5
1796,9196.549805,9240.849609,9043.950195,9168.849609,805500,12-05-2020,1,5
1797,9383.549805,9584.5,9351.099609,9584.200195,846400,13-05-2020,2,5
1798,9142.75,9281.099609,9119.75,9213.950195,602600,14-05-2020,3,5
1799,9136.849609,9182.400391,9050.0,9182.400391,575900,15-05-2020,4,5
1800,8823.25,9158.299805,8806.75,9158.299805,773000,18-05-2020,0,5
1801,8879.099609,9030.349609,8855.299805,8961.700195,762200,19-05-2020,1,5
1802,9066.549805,9093.799805,8875.349609,8889.150391,622300,20-05-2020,2,5
1803,9106.25,9178.549805,9056.099609,9079.450195,631500,21-05-2020,3,5
1804,9039.25,9149.599609,8968.549805,9067.900391,675800,22-05-2020,4,5
1805,9029.049805,9161.650391,8996.650391,9099.75,655000,26-05-2020,1,5
1806,9314.950195,9334.0,9004.25,9082.200195,763500,27-05-2020,2,5
1807,9490.099609,9511.25,9336.5,9364.950195,837900,28-05-2020,3,5
1808,9580.299805,9598.849609,9376.900391,9422.200195,967000,29-05-2020,4,5
1809,9826.150391,9931.599609,9706.950195,9726.849609,794200,01-06-2020,0,6
1810,9979.099609,9995.599609,9824.049805,9880.849609,770200,02-06-2020,1,6
1811,10061.5498,10176.2002,10035.5498,10108.2998,794700,03-06-2020,2,6
1812,10029.09961,10123.84961,9944.25,10054.25,775100,04-06-2020,3,6
1813,10142.15039,10177.7998,10040.75,10093.7998,987100,05-06-2020,4,6
1814,10167.4502,10328.5,10120.25,10326.75,936500,08-06-2020,0,6
1815,10046.65039,10291.15039,10021.4502,10181.15039,754200,09-06-2020,1,6
1816,10116.15039,10148.75,10036.84961,10072.59961,632400,10-06-2020,2,6
1817,9902.0,10112.0498,9885.049805,10094.09961,715500,11-06-2020,3,6
1818,9972.900391,9996.049805,9544.349609,9544.950195,796300,12-06-2020,4,6
1819,9813.700195,9943.349609,9726.349609,9919.349609,716100,15-06-2020,0,6
1820,9914.0,10046.15039,9728.5,10014.7998,899900,16-06-2020,1,6
1821,9881.150391,10003.59961,9833.799805,9876.700195,685400,17-06-2020,2,6
1822,10091.65039,10111.2002,9845.049805,9863.25,622900,18-06-2020,3,6
1823,10244.40039,10272.40039,10072.65039,10119.0,892100,19-06-2020,4,6
1824,10311.2002,10393.65039,10277.59961,10318.75,685400,22-06-2020,0,6
1825,10471.0,10484.7002,10301.75,10347.9502,669200,23-06-2020,1,6
1826,10305.2998,10553.15039,10281.9502,10529.25,854800,24-06-2020,2,6
1827,10288.90039,10361.7998,10194.5,10235.5498,994200,25-06-2020,3,6
1828,10383.0,10409.84961,10311.25,10378.90039,671900,26-06-2020,4,6
1829,10312.40039,10337.9502,10223.59961,10311.9502,574500,29-06-2020,0,6
1830,10302.09961,10401.0498,10267.34961,10382.59961,556200,30-06-2020,1,6
1831,10430.0498,10447.0498,10299.59961,10323.7998,573600,01-07-2020,2,7
1832,10551.7002,10598.2002,10485.5498,10493.0498,597400,02-07-2020,3,7
1833,10607.34961,10631.2998,10562.65039,10614.9502,525200,03-07-2020,4,7
1834,10763.65039,10811.40039,10695.09961,10723.84961,571200,06-07-2020,0,7
1835,10799.65039,10813.7998,10689.7002,10802.84961,636800,07-07-2020,1,7
1836,10705.75,10847.84961,10676.5498,10818.65039,767900,08-07-2020,2,7
1837,10813.4502,10836.84961,10733.0,10755.5498,618700,09-07-2020,3,7
1838,10768.0498,10819.40039,10713.0,10764.09961,590700,10-07-2020,4,7
1839,10802.7002,10894.0498,10756.0498,10851.84961,554100,13-07-2020,0,7
1840,10607.34961,10755.65039,10562.90039,10750.84961,532400,14-07-2020,1,7
1841,10618.2002,10827.4502,10577.75,10701.0,715900,15-07-2020,2,7
1842,10739.9502,10755.2998,10595.2002,10706.2002,694400,16-07-2020,3,7
1843,10901.7002,10933.4502,10749.65039,10752.0,676900,17-07-2020,4,7
1844,11022.2002,11037.90039,10953.0,10999.4502,554300,20-07-2020,0,7
1845,11162.25,11179.5498,11113.25,11126.09961,772000,21-07-2020,1,7
1846,11132.59961,11238.09961,11056.5498,11231.2002,765100,22-07-2020,2,7
1847,11215.4502,11239.7998,11103.15039,11135.0,621600,23-07-2020,3,7
1848,11194.15039,11225.40039,11090.2998,11149.9502,678900,24-07-2020,4,7
1849,11131.7998,11225.0,11087.84961,11225.0,588100,27-07-2020,0,7
1850,11300.5498,11317.75,11151.40039,11154.09961,683900,28-07-2020,1,7
1851,11202.84961,11341.40039,11149.75,11276.90039,600700,29-07-2020,2,7
1852,11102.15039,11299.9502,11084.9502,11254.2998,677800,30-07-2020,3,7
1853,11073.4502,11150.40039,11026.65039,11139.5,642600,31-07-2020,4,7
1854,10891.59961,11058.0498,10882.25,11057.5498,680900,03-08-2020,0,8
1855,11095.25,11112.25,10908.09961,10946.65039,625700,04-08-2020,1,8
1856,11101.65039,11225.65039,11064.0498,11155.75,667600,05-08-2020,2,8
1857,11200.15039,11256.7998,11127.2998,11185.7002,600400,06-08-2020,3,8
1858,11214.0498,11231.90039,11142.0498,11186.65039,452600,07-08-2020,4,8
1859,11270.15039,11337.2998,11238.0,11270.25,492000,10-08-2020,0,8
1860,11322.5,11373.59961,11299.15039,11322.25,586100,11-08-2020,1,8
1861,11308.40039,11322.0,11242.65039,11289.0,609900,12-08-2020,2,8
1862,11300.4502,11359.2998,11269.9502,11334.84961,562400,13-08-2020,3,8
1863,11178.40039,11366.25,11111.4502,11353.2998,645100,14-08-2020,4,8
1864,11247.09961,11267.09961,11144.5,11248.90039,634000,17-08-2020,0,8
1865,11385.34961,11401.7002,11253.15039,11259.7998,579200,18-08-2020,1,8
1866,11408.40039,11460.34961,11394.09961,11452.15039,626200,19-08-2020,2,8
1867,11312.2002,11361.4502,11289.7998,11317.4502,791600,20-08-2020,3,8
1868,11371.59961,11418.5,11362.2002,11409.65039,668700,21-08-2020,4,8
1869,11466.4502,11497.25,11410.65039,11412.0,532900,24-08-2020,0,8
1870,11472.25,11525.90039,11423.34961,11513.09961,638200,25-08-2020,1,8
1871,11549.59961,11561.75,11461.84961,11512.84961,743400,26-08-2020,2,8
1872,11559.25,11617.34961,11540.59961,11609.2998,719800,27-08-2020,3,8
1873,11647.59961,11686.0498,11589.40039,11602.9502,807000,28-08-2020,4,8
1874,11387.5,11794.25,11325.84961,11777.5498,1371800,31-08-2020,0,8
1875,11470.25,11553.5498,11366.90039,11464.2998,783800,01-09-2020,1,9
1876,11535.0,11554.75,11430.40039,11478.5498,593500,02-09-2020,2,9
1877,11527.4502,11584.9502,11507.65039,11566.2002,607100,03-09-2020,3,9
1878,11333.84961,11452.0498,11303.65039,11354.40039,681300,04-09-2020,4,9
1879,11355.0498,11381.15039,11251.7002,11359.59961,560300,07-09-2020,0,9
1880,11317.34961,11437.25,11290.4502,11378.5498,572200,08-09-2020,1,9
1881,11278.0,11298.15039,11185.15039,11218.59961,728900,09-09-2020,2,9
1882,11449.25,11464.0498,11327.40039,11363.2998,679400,10-09-2020,3,9
1883,11464.4502,11493.5,11419.90039,11447.7998,554800,11-09-2020,4,9
1884,11440.0498,11568.90039,11383.5498,11540.15039,642300,14-09-2020,0,9
1885,11521.7998,11535.9502,11442.25,11487.2002,506700,15-09-2020,1,9
1886,11604.5498,11618.09961,11516.75,11538.4502,527800,16-09-2020,2,9
1887,11516.09961,11587.2002,11498.5,11539.40039,0,17-09-2020,3,9
1888,11504.9502,11584.09961,11446.09961,11584.09961,764200,18-09-2020,4,9
1889,11250.5498,11535.25,11218.5,11503.7998,602900,21-09-2020,0,9
1890,11153.65039,11302.2002,11084.65039,11301.75,672200,22-09-2020,1,9
1891,11131.84961,11259.5498,11024.40039,11258.75,714900,23-09-2020,2,9
1892,10805.5498,11015.2998,10790.2002,11011.0,706100,24-09-2020,3,9
1893,11050.25,11072.59961,10854.84961,10910.40039,559600,25-09-2020,4,9
1894,11227.5498,11239.34961,11099.84961,11140.84961,472800,28-09-2020,0,9
1895,11222.40039,11305.40039,11181.0,11288.59961,498300,29-09-2020,1,9
1896,11247.5498,11295.40039,11184.5498,11244.4502,499300,30-09-2020,2,9
1897,11416.9502,11428.59961,11347.0498,11364.4502,447700,01-10-2020,3,10
1898,11503.34961,11578.0498,11452.2998,11487.7998,530600,05-10-2020,0,10
1899,11662.40039,11680.2998,11564.2998,11603.4502,561400,06-10-2020,1,10
1900,11738.84961,11763.0498,11629.34961,11679.25,513400,07-10-2020,2,10
1901,11834.59961,11905.7002,11791.15039,11835.40039,608800,08-10-2020,3,10
1902,11914.2002,11938.59961,11805.2002,11852.0498,611100,09-10-2020,4,10
1903,11930.9502,12022.0498,11867.2002,11973.5498,522600,12-10-2020,0,10
1904,11934.5,11988.2002,11888.90039,11934.65039,458300,13-10-2020,1,10
1905,11971.0498,11997.2002,11822.15039,11917.40039,569200,14-10-2020,2,10
1906,11680.34961,12025.4502,11661.2998,12023.4502,608900,15-10-2020,3,10
1907,11762.4502,11789.75,11667.84961,11727.40039,555800,16-10-2020,4,10
1908,11873.0498,11898.25,11820.40039,11879.2002,541400,19-10-2020,0,10
1909,11896.7998,11949.25,11837.25,11861.0,453600,20-10-2020,1,10
1910,11937.65039,12018.65039,11775.75,11958.5498,623700,21-10-2020,2,10
1911,11896.4502,11939.5498,11823.4502,11890.0,544900,22-10-2020,3,10
1912,11930.34961,11974.5498,11908.75,11957.90039,502300,23-10-2020,4,10
1913,11767.75,11942.84961,11711.7002,11937.40039,519800,26-10-2020,0,10
1914,11889.40039,11899.0498,11723.0,11807.09961,616300,27-10-2020,1,10
1915,11729.59961,11929.40039,11684.84961,11922.59961,704000,28-10-2020,2,10
1916,11670.7998,11744.15039,11606.4502,11633.2998,555000,29-10-2020,3,10
1917,11642.40039,11748.9502,11535.4502,11678.4502,553700,30-10-2020,4,10
1918,11669.15039,11725.65039,11557.40039,11697.34961,568400,02-11-2020,0,11
1919,11813.5,11836.2002,11723.2998,11734.4502,674300,03-11-2020,1,11
1920,11908.5,11929.65039,11756.40039,11783.34961,667300,04-11-2020,2,11
1921,12120.2998,12131.09961,12027.59961,12062.40039,632500,05-11-2020,3,11
1922,12263.5498,12280.40039,12131.84961,12156.65039,576800,06-11-2020,4,11
1923,12461.0498,12474.0498,12367.34961,12399.40039,553400,09-11-2020,0,11
1924,12631.09961,12643.90039,12475.25,12556.40039,847500,10-11-2020,1,11
1925,12749.15039,12769.75,12571.09961,12680.59961,880500,11-11-2020,2,11
1926,12690.7998,12741.15039,12624.84961,12702.15039,622000,12-11-2020,3,11
1927,12719.9502,12735.9502,12607.7002,12659.7002,513900,13-11-2020,4,11
1928,12874.2002,12934.0498,12797.09961,12932.5,707700,17-11-2020,1,11
1929,12938.25,12948.84961,12819.34961,12860.09961,731300,18-11-2020,2,11
1930,12771.7002,12963.0,12745.75,12839.5,768800,19-11-2020,3,11
1931,12859.0498,12892.4502,12730.25,12813.40039,664000,20-11-2020,4,11
1932,12926.4502,12968.84961,12825.7002,12960.2998,633100,23-11-2020,0,11
1933,13055.15039,13079.09961,12978.0,13002.59961,571900,24-11-2020,1,11
1934,12858.40039,13145.84961,12833.65039,13130.0,679000,25-11-2020,2,11
1935,12987.0,13018.0,12790.40039,12906.4502,549800,26-11-2020,3,11
1936,12968.9502,13035.2998,12914.2998,13012.0498,1162400,27-11-2020,4,11
1937,13109.0498,13128.40039,12962.7998,13062.2002,583600,01-12-2020,1,12
1938,13113.75,13128.5,12983.5498,13121.40039,717700,02-12-2020,2,12
1939,13133.90039,13216.59961,13107.90039,13215.2998,713700,03-12-2020,3,12
1940,13258.5498,13280.0498,13152.84961,13177.40039,640500,04-12-2020,4,12
1941,13355.75,13366.65039,13241.9502,13264.84961,591700,07-12-2020,0,12
1942,13392.9502,13435.4502,13311.0498,13393.84961,543200,08-12-2020,1,12
1943,13529.09961,13548.90039,13449.59961,13458.09961,502600,09-12-2020,2,12
1944,13478.2998,13503.5498,13399.2998,13488.5,553400,10-12-2020,3,12
1945,13513.84961,13579.34961,13402.84961,13512.2998,787700,11-12-2020,4,12
1946,13558.15039,13597.5,13472.4502,13571.4502,558400,14-12-2020,0,12
1947,13567.84961,13589.65039,13447.0498,13547.2002,497600,15-12-2020,1,12
1948,13682.7002,13692.34961,13606.4502,13663.09961,462200,16-12-2020,2,12
1949,13740.7002,13773.25,13673.5498,13713.5498,416000,17-12-2020,3,12
1950,13760.5498,13772.84961,13658.59961,13764.40039,519400,18-12-2020,4,12
1951,13328.40039,13777.5,13131.4502,13741.90039,687300,21-12-2020,0,12
1952,13466.2998,13492.0498,13192.90039,13373.65039,696200,22-12-2020,1,12
1953,13601.09961,13619.4502,13432.2002,13473.5,458700,23-12-2020,2,12
1954,13749.25,13771.75,13626.90039,13672.15039,471400,24-12-2020,3,12
1955,13873.2002,13885.2998,13811.5498,13815.15039,403600,28-12-2020,0,12
1956,13932.59961,13967.59961,13859.90039,13910.34961,439600,29-12-2020,1,12
1957,13981.9502,13997.0,13864.9502,13980.90039,380700,30-12-2020,2,12
1958,13981.75,14024.84961,13936.4502,13970.0,452400,31-12-2020,3,12
1959,14018.5,14049.84961,13991.34961,13996.09961,358100,01-01-2021,4,1
1960,14132.90039,14147.9502,13953.75,14104.34961,495000,04-01-2021,0,1
1961,14199.5,14215.59961,14048.15039,14075.15039,492500,05-01-2021,1,1
1962,14146.25,14244.15039,14039.90039,14240.9502,632300,06-01-2021,2,1
1963,14137.34961,14256.25,14123.09961,14253.75,559200,07-01-2021,3,1
1964,14347.25,14367.2998,14221.65039,14258.40039,613500,08-01-2021,4,1
1965,14484.75,14498.2002,14383.09961,14474.0498,672900,11-01-2021,0,1
1966,14563.4502,14590.65039,14432.84961,14473.7998,929600,12-01-2021,1,1
1967,14564.84961,14653.34961,14435.7002,14639.7998,874000,13-01-2021,2,1
1968,14595.59961,14617.7998,14471.5,14550.0498,620200,14-01-2021,3,1
1969,14433.7002,14617.4502,14357.84961,14594.34961,789600,15-01-2021,4,1
1970,14281.2998,14459.15039,14222.7998,14453.2998,762000,18-01-2021,0,1
1971,14521.15039,14546.0498,14350.84961,14371.65039,546100,19-01-2021,1,1
1972,14644.7002,14666.4502,14517.5498,14538.2998,623100,20-01-2021,2,1
1973,14590.34961,14753.5498,14517.25,14730.9502,704600,21-01-2021,3,1
1974,14371.90039,14619.90039,14357.75,14583.40039,776800,22-01-2021,4,1
1975,14238.90039,14491.09961,14218.59961,14477.7998,618600,25-01-2021,0,1
1976,13967.5,14237.9502,13929.2998,14237.9502,660700,27-01-2021,2,1
1977,13817.5498,13898.25,13713.25,13810.40039,637900,28-01-2021,3,1
1978,13634.59961,13966.84961,13596.75,13946.59961,753200,29-01-2021,4,1
1979,14281.2002,14336.34961,13661.75,13758.59961,870500,01-02-2021,0,2
1980,14647.84961,14731.7002,14469.15039,14481.09961,915000,02-02-2021,1,2
1981,14789.9502,14868.84961,14574.15039,14754.90039,869500,03-02-2021,2,2
1982,14895.65039,14913.7002,14714.75,14789.0498,884700,04-02-2021,3,2
1983,14924.25,15014.65039,14864.75,14952.59961,935600,05-02-2021,4,2
1984,15115.7998,15159.90039,15041.0498,15064.2998,671200,08-02-2021,0,2
1985,15109.2998,15257.09961,15064.2998,15164.15039,713300,09-02-2021,1,2
1986,15106.5,15168.25,14977.2002,15119.0498,624800,10-02-2021,2,2
1987,15173.2998,15188.5,15065.40039,15073.25,500100,11-02-2021,3,2
1988,15163.2998,15243.5,15081.0,15186.2002,571800,12-02-2021,4,2
1989,15314.7002,15340.15039,15243.40039,15270.2998,456000,15-02-2021,0,2
1990,15313.4502,15431.75,15242.2002,15371.4502,648500,16-02-2021,1,2
1991,15208.90039,15314.2998,15170.75,15279.90039,504800,17-02-2021,2,2
1992,15118.9502,15250.75,15078.0498,15238.7002,770600,18-02-2021,3,2
1993,14981.75,15144.0498,14898.2002,15074.7998,712200,19-02-2021,4,2
1994,14675.7002,15010.09961,14635.0498,14999.0498,609900,22-02-2021,0,2
1995,14707.7998,14854.5,14651.84961,14782.25,744100,23-02-2021,1,2
1996,14982.0,15008.7998,14504.5,14729.15039,403800,24-02-2021,2,2
1997,15097.34961,15176.5,15065.34961,15079.84961,803900,25-02-2021,3,2
1998,14529.15039,14919.4502,14467.75,14888.59961,1103600,26-02-2021,4,2
1999,14761.5498,14806.7998,14638.5498,14702.5,507300,01-03-2021,0,3
2000,14919.09961,14959.09961,14760.7998,14865.2998,621700,02-03-2021,1,3
2001,15245.59961,15273.15039,14995.7998,15064.40039,544200,03-03-2021,2,3
2002,15080.75,15202.34961,14980.2002,15026.75,534900,04-03-2021,3,3
2003,14938.09961,15092.34961,14862.09961,14977.9502,640700,05-03-2021,4,3
2004,14956.2002,15111.15039,14919.90039,15002.4502,0,08-03-2021,0,3
2005,15098.40039,15126.84961,14925.4502,15049.90039,675300,09-03-2021,1,3
2006,15174.7998,15218.4502,15100.84961,15202.15039,404600,10-03-2021,2,3
2007,15030.9502,15336.2998,14953.59961,15321.15039,493200,12-03-2021,4,3
2008,14929.5,15048.40039,14745.84961,15048.40039,467500,15-03-2021,0,3
2009,14910.4502,15051.59961,14890.65039,14996.09961,100,16-03-2021,1,3
2010,14721.2998,14956.5498,14696.0498,14946.5498,100,17-03-2021,2,3
2011,14557.84961,14875.2002,14478.59961,14855.5,542200,18-03-2021,3,3
2012,14744.0,14788.25,14350.09961,14471.15039,919200,19-03-2021,4,3
2013,14736.40039,14763.90039,14597.84961,14736.2998,459000,22-03-2021,0,3
2014,14814.75,14878.59961,14707.0,14768.5498,474200,23-03-2021,1,3
2015,14549.40039,14752.34961,14535.0,14712.4502,456400,24-03-2021,2,3
2016,14324.90039,14575.59961,14264.40039,14570.90039,606800,25-03-2021,3,3
2017,14507.2998,14572.90039,14414.25,14506.2998,481000,26-03-2021,4,3
2018,14845.09961,14876.2998,14617.59961,14628.5,594500,30-03-2021,1,3
2019,14690.7002,14813.75,14670.25,14811.84961,463900,31-03-2021,2,3
2020,14867.34961,14883.2002,14692.4502,14798.40039,445000,01-04-2021,3,4
2021,14637.7998,14849.84961,14459.5,14837.7002,509700,05-04-2021,0,4
2022,14683.5,14779.09961,14573.90039,14737.0,475300,06-04-2021,1,4
2023,14819.0498,14879.7998,14649.84961,14716.4502,0,07-04-2021,2,4
2024,14873.7998,14984.15039,14821.09961,14875.65039,514800,08-04-2021,3,4
2025,14834.84961,14918.4502,14785.65039,14882.65039,504100,09-04-2021,4,4
2026,14310.7998,14652.5,14248.7002,14644.65039,650200,12-04-2021,0,4
2027,14504.7998,14528.90039,14274.90039,14364.90039,605100,13-04-2021,1,4
2028,14581.4502,14597.5498,14353.2002,14522.40039,568000,15-04-2021,3,4
2029,14617.84961,14697.7002,14559.0,14599.59961,577200,16-04-2021,4,4
2030,14359.4502,14382.2998,14191.40039,14306.59961,512300,19-04-2021,0,4
2031,14296.40039,14526.9502,14207.2998,14526.7002,467400,20-04-2021,1,4
2032,14406.15039,14424.75,14151.40039,14219.15039,524600,22-04-2021,3,4
2033,14341.34961,14461.15039,14273.2998,14326.34961,498100,23-04-2021,4,4
2034,14485.0,14557.5,14421.2998,14449.4502,452700,26-04-2021,0,4
2035,14653.0498,14667.5498,14484.84961,14493.7998,451800,27-04-2021,1,4
2036,14864.5498,14890.25,14694.9502,14710.5,457000,28-04-2021,2,4
2037,14894.90039,15044.34961,14814.4502,14979.0,517500,29-04-2021,3,4
2038,14631.09961,14855.4502,14601.7002,14747.34961,613900,30-04-2021,4,4
2039,14634.15039,14673.84961,14416.25,14481.0498,448900,03-05-2021,0,5
2040,14496.5,14723.40039,14461.5,14687.25,503400,04-05-2021,1,5
2041,14617.84961,14637.90039,14506.59961,14604.15039,455900,05-05-2021,2,5
2042,14724.7998,14743.90039,14611.5,14668.34961,467800,06-05-2021,3,5
2043,14823.15039,14863.0498,14765.5,14816.84961,488000,07-05-2021,4,5
2044,14942.34961,14966.90039,14892.5,14928.25,522000,10-05-2021,0,5
2045,14850.75,14900.0,14771.40039,14789.7002,647400,11-05-2021,1,5
2046,14696.5,14824.0498,14649.7002,14823.5498,643800,12-05-2021,2,5
2047,14677.7998,14749.65039,14591.90039,14749.40039,620700,14-05-2021,4,5
2048,14923.15039,14938.0,14725.34961,14756.25,546400,17-05-2021,0,5
2049,15108.09961,15137.25,15043.7002,15067.2002,583900,18-05-2021,1,5
2050,15030.15039,15133.40039,15008.84961,15058.59961,569100,19-05-2021,2,5
2051,14906.0498,15069.7998,14884.90039,15042.59961,480300,20-05-2021,3,5
2052,15175.2998,15190.0,14985.84961,14987.7998,572900,21-05-2021,4,5
2053,15197.7002,15256.25,15145.4502,15211.34961,579800,24-05-2021,0,5
2054,15208.4502,15293.84961,15163.40039,15291.75,441500,25-05-2021,1,5
2055,15301.4502,15319.90039,15194.9502,15257.0498,384000,26-05-2021,2,5
2056,15337.84961,15384.5498,15272.5,15323.9502,0,27-05-2021,3,5
2057,15435.65039,15469.65039,15394.75,15421.2002,468100,28-05-2021,4,5
2058,15582.7998,15606.34961,15374.0,15437.75,436000,31-05-2021,0,5
2059,15574.84961,15660.75,15528.2998,15629.65039,409600,01-06-2021,1,6
2060,15576.2002,15597.4502,15459.84961,15520.34961,428600,02-06-2021,2,6
2061,15690.34961,15705.09961,15611.0,15655.5498,410200,03-06-2021,3,6
2062,15670.25,15733.59961,15622.34961,15712.5,414200,04-06-2021,4,6
2063,15751.65039,15773.4502,15678.09961,15725.09961,394000,07-06-2021,0,6
2064,15740.09961,15778.7998,15680.0,15773.90039,378200,08-06-2021,1,6
2065,15635.34961,15800.4502,15566.90039,15766.2998,457900,09-06-2021,2,6
2066,15737.75,15751.25,15648.5,15692.09961,298300,10-06-2021,3,6
2067,15799.34961,15835.5498,15749.7998,15796.4502,363000,11-06-2021,4,6
2068,15811.84961,15823.0498,15606.5,15791.40039,392900,14-06-2021,0,6
2069,15869.25,15901.59961,15842.40039,15866.9502,323300,15-06-2021,1,6
2070,15767.5498,15880.84961,15742.59961,15847.5,340200,16-06-2021,2,6
2071,15691.40039,15769.34961,15616.75,15648.2998,357600,17-06-2021,3,6
2072,15683.34961,15761.5,15450.90039,15756.5,640800,18-06-2021,4,6
2073,15746.5,15765.15039,15505.65039,15525.84961,351500,21-06-2021,0,6
2074,15772.75,15895.75,15752.09961,15840.5,322200,22-06-2021,1,6
2075,15686.9502,15862.9502,15673.9502,15862.7998,287500,23-06-2021,2,6
2076,15790.4502,15821.40039,15702.7002,15737.2998,316700,24-06-2021,3,6
2077,15860.34961,15870.7998,15772.2998,15839.34961,314600,25-06-2021,4,6
2078,15814.7002,15915.65039,15792.15039,15915.34961,255100,28-06-2021,0,6
2079,15748.4502,15835.90039,15724.0498,15807.5,360300,29-06-2021,1,6
2080,15721.5,15839.09961,15708.75,15776.90039,262400,30-06-2021,2,6
2081,15680.0,15755.5498,15667.0498,15755.0498,224900,01-07-2021,3,7
2082,15722.2002,15738.34961,15635.9502,15705.84961,254800,02-07-2021,4,7
2083,15834.34961,15845.9502,15762.0498,15793.40039,207000,05-07-2021,0,7
2084,15818.25,15914.2002,15801.0,15813.75,391400,06-07-2021,1,7
2085,15879.65039,15893.5498,15779.7002,15819.59961,329300,07-07-2021,2,7
2086,15727.90039,15885.75,15682.90039,15855.40039,307900,08-07-2021,3,7
2087,15689.7998,15730.84961,15632.75,15688.25,243200,09-07-2021,4,7
2088,15692.59961,15789.2002,15644.75,15766.7998,216300,12-07-2021,0,7
2089,15812.34961,15820.7998,15744.59961,15794.0,246700,13-07-2021,1,7
2090,15853.9502,15877.34961,15764.2002,15808.7002,0,14-07-2021,2,7
2091,15924.2002,15952.34961,15855.0,15872.15039,284900,15-07-2021,3,7
2092,15923.40039,15962.25,15882.59961,15958.34961,276300,16-07-2021,4,7
2093,15752.40039,15836.90039,15707.5,15754.5,242100,19-07-2021,0,7
2094,15632.09961,15728.4502,15578.5498,15703.9502,274300,20-07-2021,1,7
2095,15824.0498,15834.7998,15726.40039,15736.59961,265300,22-07-2021,3,7
2096,15856.0498,15899.7998,15768.40039,15856.7998,294100,23-07-2021,4,7
2097,15824.4502,15893.34961,15797.0,15849.2998,267100,26-07-2021,0,7
2098,15746.4502,15881.5498,15701.0,15860.5,311000,27-07-2021,1,7
2099,15709.40039,15767.5,15513.4502,15761.5498,318600,28-07-2021,2,7
2100,15778.4502,15817.34961,15737.7998,15762.7002,401600,29-07-2021,3,7
2101,15763.0498,15862.7998,15744.84961,15800.59961,400000,30-07-2021,4,7
2102,15885.15039,15892.90039,15834.65039,15874.90039,244800,02-08-2021,0,8
2103,16130.75,16146.90039,15914.34961,15951.5498,341300,03-08-2021,1,8
2104,16258.7998,16290.2002,16176.15039,16195.25,427300,04-08-2021,2,8
2105,16294.59961,16349.4502,16210.2998,16288.9502,418200,05-08-2021,3,8
2106,16238.2002,16336.75,16223.2998,16304.40039,320100,06-08-2021,4,8
2107,16258.25,16320.75,16179.0498,16281.34961,240500,09-08-2021,0,8
2108,16280.09961,16359.25,16202.25,16274.7998,288000,10-08-2021,1,8
2109,16282.25,16338.75,16162.5498,16327.2998,277900,11-08-2021,2,8
2110,16364.40039,16375.5,16286.90039,16303.65039,280200,12-08-2021,3,8
2111,16529.09961,16543.59961,16376.2998,16385.69922,321900,13-08-2021,4,8
2112,16563.05078,16589.40039,16480.75,16518.40039,254000,16-08-2021,0,8
2113,16614.59961,16628.55078,16495.40039,16545.25,297400,17-08-2021,1,8
2114,16568.84961,16701.84961,16535.84961,16691.94922,251800,18-08-2021,2,8
2115,16450.5,16509.55078,16376.0498,16382.5,350800,20-08-2021,4,8
2116,16496.44922,16592.5,16395.69922,16592.25,275600,23-08-2021,0,8
2117,16624.59961,16647.09961,16495.30078,16561.40039,275400,24-08-2021,1,8
2118,16634.65039,16712.44922,16617.5,16654.0,265900,25-08-2021,2,8
2119,16636.90039,16683.69922,16603.40039,16627.94922,253500,26-08-2021,3,8
2120,16705.19922,16722.05078,16565.59961,16642.55078,217400,27-08-2021,4,8
2121,16931.05078,16951.5,16764.84961,16775.84961,283500,30-08-2021,0,8
2122,17132.19922,17153.5,16915.84961,16947.5,464400,31-08-2021,1,8
2123,17076.25,17225.75,17055.05078,17185.59961,301900,01-09-2021,2,9
2124,17234.15039,17245.5,17059.69922,17095.40039,242400,02-09-2021,3,9
2125,17323.59961,17340.09961,17212.19922,17262.44922,261400,03-09-2021,4,9
2126,17377.80078,17429.55078,17345.55078,17399.34961,228000,06-09-2021,0,9
2127,17362.09961,17436.5,17287.0,17401.55078,243400,07-09-2021,1,9
2128,17353.5,17383.40039,17254.19922,17375.75,252700,08-09-2021,2,9
2129,17369.25,17379.65039,17302.69922,17312.84961,241500,09-09-2021,3,9
2130,17355.30078,17378.34961,17269.15039,17363.55078,241100,13-09-2021,0,9
2131,17380.0,17438.55078,17367.05078,17420.34961,230400,14-09-2021,1,9
2132,17519.44922,17532.69922,17386.90039,17387.65039,388200,15-09-2021,2,9
2133,17629.5,17644.59961,17510.44922,17539.19922,503300,16-09-2021,3,9
2134,17585.15039,17792.94922,17537.65039,17709.65039,508300,17-09-2021,4,9
2135,17396.90039,17622.75,17361.80078,17443.84961,339100,20-09-2021,0,9
2136,17562.0,17578.34961,17326.09961,17450.5,363600,21-09-2021,1,9
2137,17546.65039,17610.44922,17524.0,17580.90039,295200,22-09-2021,2,9
2138,17822.94922,17843.90039,17646.55078,17670.84961,320500,23-09-2021,3,9
2139,17853.19922,17947.65039,17819.40039,17897.44922,360100,24-09-2021,4,9
2140,17855.09961,17943.5,17802.90039,17932.19922,295700,27-09-2021,0,9
2141,17748.59961,17912.84961,17576.09961,17906.44922,398000,28-09-2021,1,9
2142,17711.30078,17781.75,17608.15039,17657.94922,562200,29-09-2021,2,9
2143,17618.15039,17742.15039,17585.34961,17718.90039,378600,30-09-2021,3,9
2144,17532.05078,17557.15039,17452.90039,17531.90039,305800,01-10-2021,4,10
2145,17691.25,17750.90039,17581.34961,17615.55078,295800,04-10-2021,0,10
2146,17822.30078,17833.44922,17640.90039,17661.34961,427000,05-10-2021,1,10
2147,17646.0,17884.59961,17613.15039,17861.5,395800,06-10-2021,2,10
2148,17790.34961,17857.55078,17763.80078,17810.55078,419900,07-10-2021,3,10
2149,17895.19922,17941.84961,17840.34961,17886.84961,324100,08-10-2021,4,10
2150,17945.94922,18041.94922,17839.09961,17867.55078,375800,11-10-2021,0,10
2151,17991.94922,18008.65039,17864.94922,17915.80078,355600,12-10-2021,1,10
2152,18161.75,18197.80078,18050.75,18097.84961,506700,13-10-2021,2,10
2153,18338.55078,18350.75,18248.69922,18272.84961,538700,14-10-2021,3,10
2154,18477.05078,18543.15039,18445.30078,18500.09961,469900,18-10-2021,0,10
2155,18418.75,18604.44922,18377.69922,18602.34961,368200,19-10-2021,1,10
2156,18266.59961,18458.30078,18209.34961,18439.90039,371300,20-10-2021,2,10
2157,18178.09961,18384.19922,18048.0,18382.69922,365900,21-10-2021,3,10
2158,18114.90039,18314.25,18034.34961,18230.69922,324700,22-10-2021,4,10
2159,18125.40039,18241.40039,17968.5,18229.5,418700,25-10-2021,0,10
2160,18268.40039,18310.44922,18099.30078,18154.5,341400,26-10-2021,1,10
2161,18210.94922,18342.05078,18167.90039,18295.84961,335200,27-10-2021,2,10
2162,17857.25,18190.69922,17799.44922,18187.65039,374200,28-10-2021,3,10
2163,17671.65039,17915.84961,17613.09961,17833.05078,336500,29-10-2021,4,10
2164,17929.65039,17954.09961,17697.09961,17783.15039,281200,01-11-2021,0,11
2165,17888.94922,18012.25,17847.59961,17970.90039,296400,02-11-2021,1,11
2166,17829.19922,17988.75,17757.94922,17947.94922,331000,03-11-2021,2,11
2167,17916.80078,17947.55078,17900.59961,17935.05078,48500,04-11-2021,3,11
2168,18068.55078,18087.80078,17836.09961,18040.19922,338900,08-11-2021,0,11
2169,18044.25,18112.59961,17983.05078,18084.34961,270200,09-11-2021,1,11
2170,18017.19922,18061.25,17915.0,17973.44922,261400,10-11-2021,2,11
2171,17873.59961,17971.34961,17798.19922,17967.44922,232100,11-11-2021,3,11
2172,18102.75,18123.0,17905.90039,17977.59961,249100,12-11-2021,4,11
2173,18109.44922,18210.15039,18071.30078,18140.94922,280400,15-11-2021,0,11
2174,17999.19922,18132.65039,17958.80078,18127.05078,267400,16-11-2021,1,11
2175,17898.65039,18022.65039,17879.25,17939.34961,295700,17-11-2021,2,11
2176,17764.80078,17945.59961,17688.5,17890.55078,278400,18-11-2021,3,11
2177,17416.55078,17805.25,17280.44922,17796.25,356400,22-11-2021,0,11
2178,17503.34961,17553.69922,17216.09961,17281.75,308800,23-11-2021,1,11
2179,17415.05078,17600.59961,17354.0,17550.05078,298100,24-11-2021,2,11
2180,17536.25,17564.34961,17351.69922,17417.30078,255900,25-11-2021,3,11
2181,17026.44922,17355.40039,16985.69922,17338.75,356300,26-11-2021,4,11
2182,17053.94922,17160.69922,16782.40039,17055.80078,348900,29-11-2021,0,11
2183,16983.19922,17324.65039,16931.40039,17051.15039,498000,30-11-2021,1,11
2184,17166.90039,17213.05078,17064.25,17104.40039,295500,01-12-2021,2,12
2185,17401.65039,17420.34961,17149.30078,17183.19922,279900,02-12-2021,3,12
2186,17196.69922,17489.80078,17180.80078,17424.90039,292500,03-12-2021,4,12
2187,16912.25,17216.75,16891.69922,17209.05078,231700,06-12-2021,0,12
2188,17176.69922,17251.65039,16987.75,17044.09961,254100,07-12-2021,1,12
2189,17469.75,17484.59961,17308.94922,17315.25,257800,08-12-2021,2,12
2190,17516.84961,17543.25,17379.59961,17524.40039,237200,09-12-2021,3,12
2191,17511.30078,17534.34961,17405.25,17476.05078,204500,10-12-2021,4,12
2192,17368.25,17639.5,17355.94922,17619.09961,256600,13-12-2021,0,12
2193,17324.90039,17376.19922,17225.80078,17283.19922,271000,14-12-2021,1,12
2194,17221.40039,17351.19922,17192.19922,17323.65039,215000,15-12-2021,2,12
2195,17248.40039,17379.34961,17184.94922,17373.0,219500,16-12-2021,3,12
2196,16985.19922,17298.15039,16966.44922,17276.0,354600,17-12-2021,4,12
2197,16614.19922,16840.09961,16410.19922,16824.25,330600,20-12-2021,0,12
2198,16770.84961,16936.40039,16688.25,16773.15039,241000,21-12-2021,1,12
2199,16955.44922,16971.0,16819.5,16865.55078,207900,22-12-2021,2,12
2200,17072.59961,17118.65039,17015.55078,17066.80078,197000,23-12-2021,3,12
2201,17003.75,17155.59961,16909.59961,17149.5,182600,24-12-2021,4,12
2202,17086.25,17112.05078,16833.19922,16937.75,144800,27-12-2021,0,12
2203,17233.25,17250.25,17161.15039,17177.59961,176000,28-12-2021,1,12
2204,17213.59961,17285.94922,17176.65039,17220.09961,161700,29-12-2021,2,12
2205,17203.94922,17264.05078,17146.34961,17201.44922,320800,30-12-2021,3,12
2206,17354.05078,17400.80078,17238.5,17244.5,167000,31-12-2021,4,12
2207,17625.69922,17646.65039,17383.30078,17387.15039,200500,03-01-2022,0,1
2208,17805.25,17827.59961,17593.55078,17681.40039,247400,04-01-2022,1,1
2209,17925.25,17944.69922,17748.84961,17820.09961,251500,05-01-2022,2,1
2210,17745.90039,17797.94922,17655.55078,17768.5,236500,06-01-2022,3,1
2211,17812.69922,17905.0,17704.55078,17797.59961,239300,07-01-2022,4,1
2212,18003.30078,18017.44922,17879.15039,17913.30078,232400,10-01-2022,0,1
2213,18055.75,18081.25,17964.40039,17997.75,220200,11-01-2022,1,1
2214,18212.34961,18227.94922,18128.80078,18170.40039,245000,12-01-2022,2,1
2215,18257.80078,18272.25,18163.80078,18257.0,303700,13-01-2022,3,1
2216,18255.75,18286.94922,18119.65039,18185.0,229500,14-01-2022,4,1
2217,18308.09961,18321.55078,18228.75,18235.65039,266700,17-01-2022,0,1
2218,18113.05078,18350.94922,18085.90039,18337.19922,227500,18-01-2022,1,1
2219,17938.40039,18129.19922,17884.90039,18129.19922,276700,19-01-2022,2,1
2220,17757.0,17943.69922,17648.44922,17921.0,258100,20-01-2022,3,1
2221,17617.15039,17707.59961,17485.84961,17613.69922,277600,21-01-2022,4,1
2222,17149.09961,17599.40039,16997.84961,17575.15039,323800,24-01-2022,0,1
2223,17277.94922,17309.15039,16836.80078,17001.55078,326500,25-01-2022,1,1
2224,17110.15039,17182.5,16866.75,17062.0,395600,27-01-2022,3,1
2225,17101.94922,17373.5,17077.09961,17208.30078,355300,28-01-2022,4,1
2226,17339.84961,17410.0,17264.15039,17301.05078,321700,31-01-2022,0,1
2227,17576.84961,17622.40039,17244.55078,17529.44922,386400,01-02-2022,1,2
2228,17780.0,17794.59961,17674.80078,17706.19922,271200,02-02-2022,2,2
2229,17560.19922,17781.15039,17511.15039,17767.75,226600,03-02-2022,3,2
2230,17516.30078,17617.80078,17462.55078,17590.19922,261400,04-02-2022,4,2
2231,17213.59961,17536.75,17119.40039,17456.30078,265000,07-02-2022,0,2
2232,17266.75,17306.44922,17043.65039,17279.84961,268500,08-02-2022,1,2
2233,17463.80078,17477.15039,17339.0,17370.09961,236400,09-02-2022,2,2
2234,17605.84961,17639.44922,17427.15039,17554.09961,273600,10-02-2022,3,2
2235,17374.75,17454.75,17303.0,17451.0,253100,11-02-2022,4,2
2236,16842.80078,17099.5,16809.65039,17076.15039,305500,14-02-2022,0,2
2237,17352.44922,17375.0,16839.25,16933.25,298700,15-02-2022,1,2
2238,17322.19922,17490.59961,17257.69922,17408.44922,244500,16-02-2022,2,2
2239,17304.59961,17442.90039,17235.84961,17396.55078,232100,17-02-2022,3,2
2240,17276.30078,17380.80078,17219.19922,17236.05078,189600,18-02-2022,4,2
2241,17206.65039,17351.05078,17070.69922,17192.25,215200,21-02-2022,0,2
2242,17092.19922,17148.55078,16843.80078,16847.94922,300100,22-02-2022,1,2
2243,17063.25,17220.69922,17027.84961,17194.5,200200,23-02-2022,2,2
2244,16247.9502,16705.25,16203.25,16548.90039,458000,24-02-2022,3,2
2245,16658.40039,16748.80078,16478.30078,16515.65039,329800,25-02-2022,4,2
2246,16793.90039,16815.90039,16356.2998,16481.59961,404200,28-02-2022,0,2
2247,16605.94922,16678.5,16478.65039,16593.09961,517700,02-03-2022,2,3
2248,16498.05078,16768.94922,16442.94922,16723.19922,442100,03-03-2022,3,3
2249,16245.34961,16456.0,16133.7998,16339.4502,456100,04-03-2022,4,3
2250,15863.15039,15944.59961,15711.4502,15867.9502,585400,07-03-2022,0,3
2251,16013.4502,16028.75,15671.4502,15747.75,543600,08-03-2022,1,3
2252,16345.34961,16418.05078,15990.0,16078.0,462200,09-03-2022,2,3
2253,16594.90039,16757.30078,16447.90039,16757.09961,486400,10-03-2022,3,3
2254,16630.44922,16694.40039,16470.90039,16528.80078,343700,11-03-2022,4,3
2255,16871.30078,16887.94922,16606.5,16633.69922,314700,14-03-2022,0,3
2256,16663.0,16927.75,16555.0,16900.65039,381600,15-03-2022,1,3
2257,16975.34961,16987.90039,16837.84961,16876.65039,260000,16-03-2022,2,3
2258,17287.05078,17344.59961,17175.75,17202.90039,448300,17-03-2022,3,3
2259,17117.59961,17353.34961,17096.40039,17329.5,285500,21-03-2022,0,3
2260,17315.5,17334.40039,17006.30078,17120.40039,338300,22-03-2022,1,3
2261,17245.65039,17442.40039,17199.59961,17405.05078,292100,23-03-2022,2,3
2262,17222.75,17291.75,17091.15039,17094.94922,290300,24-03-2022,3,3
2263,17153.0,17294.90039,17076.55078,17289.0,237100,25-03-2022,4,3
2264,17222.0,17235.09961,17003.90039,17181.84961,253200,28-03-2022,0,3
2265,17325.30078,17343.65039,17235.69922,17297.19922,235100,29-03-2022,1,3
2266,17498.25,17522.5,17387.19922,17468.15039,505000,30-03-2022,2,3
2267,17464.75,17559.80078,17435.19922,17519.19922,281100,31-03-2022,3,3
2268,17670.44922,17703.69922,17422.69922,17436.90039,291800,01-04-2022,4,4
2269,18053.40039,18114.65039,17791.40039,17809.09961,345500,04-04-2022,0,4
2270,17957.40039,18095.44922,17921.55078,18080.59961,283500,05-04-2022,1,4
2271,17807.65039,17901.0,17779.84961,17842.75,328800,06-04-2022,2,4
2272,17639.55078,17787.5,17623.69922,17723.30078,308800,07-04-2022,3,4
2273,17784.34961,17842.75,17600.55078,17698.15039,274400,08-04-2022,4,4
2274,17674.94922,17779.05078,17650.94922,17740.90039,251700,11-04-2022,0,4
2275,17530.30078,17595.30078,17442.34961,17584.84961,266000,12-04-2022,1,4
2276,17475.65039,17663.65039,17457.40039,17599.90039,245100,13-04-2022,2,4
2277,17173.65039,17237.75,17067.84961,17183.44922,376100,18-04-2022,0,4
2278,16958.65039,17275.65039,16824.69922,17258.94922,401400,19-04-2022,1,4
2279,17136.55078,17186.90039,16978.94922,17045.25,286100,20-04-2022,2,4
2280,17392.59961,17414.69922,17215.5,17234.59961,285200,21-04-2022,3,4
2281,17171.94922,17315.30078,17149.19922,17242.75,262700,22-04-2022,4,4
2282,16953.94922,17054.30078,16888.69922,17009.05078,275700,25-04-2022,0,4
2283,17200.80078,17223.84961,17064.44922,17121.30078,261100,26-04-2022,1,4
2284,17038.40039,17110.69922,16958.44922,17073.34961,265100,27-04-2022,2,4
2285,17245.05078,17322.5,17071.05078,17189.5,312900,28-04-2022,3,4
2286,17102.55078,17377.65039,17053.25,17329.25,336200,29-04-2022,4,4
2287,17069.09961,17092.25,16917.25,16924.44922,278200,02-05-2022,0,5
2288,16677.59961,17132.84961,16623.94922,17096.59961,310600,04-05-2022,2,5
2289,16682.65039,16945.69922,16651.84961,16854.75,265800,05-05-2022,3,5
2290,16411.25,16484.19922,16340.90039,16415.55078,300500,06-05-2022,4,5
2291,16301.84961,16403.69922,16142.09961,16227.7002,288400,09-05-2022,0,5
2292,16240.0498,16404.55078,16197.2998,16248.90039,283100,10-05-2022,1,5
2293,16167.09961,16318.75,15992.59961,16270.0498,284300,11-05-2022,2,5
2294,15808.0,16041.9502,15735.75,16021.09961,314900,12-05-2022,3,5
2295,15782.15039,16083.59961,15740.84961,15977.0,369100,13-05-2022,4,5
2296,15842.2998,15977.9502,15739.65039,15845.09961,217600,16-05-2022,0,5
2297,16259.2998,16284.25,15900.7998,15912.59961,295700,17-05-2022,1,5
2298,16240.2998,16399.80078,16211.2002,16318.15039,290400,18-05-2022,2,5
2299,15809.40039,15984.75,15775.2002,15917.40039,313900,19-05-2022,3,5
2300,16266.15039,16283.0498,16003.84961,16043.7998,252400,20-05-2022,4,5
2301,16214.7002,16414.69922,16185.75,16290.9502,293800,23-05-2022,0,5
2302,16125.15039,16262.7998,16078.59961,16225.5498,249800,24-05-2022,1,5
2303,16025.7998,16223.34961,16006.9502,16196.34961,243300,25-05-2022,2,5
2304,16170.15039,16204.4502,15903.7002,16105.0,314300,26-05-2022,3,5
2305,16352.4502,16370.59961,16221.9502,16296.59961,274100,27-05-2022,4,5
2306,16661.40039,16695.5,16506.15039,16527.90039,251400,30-05-2022,0,5
2307,16584.55078,16690.75,16521.90039,16578.44922,651600,31-05-2022,1,5
2308,16522.75,16649.19922,16438.84961,16594.40039,249600,01-06-2022,2,6
2309,16628.0,16646.40039,16443.05078,16481.65039,236000,02-06-2022,3,6
2310,16584.30078,16793.84961,16567.90039,16761.65039,245500,03-06-2022,4,6
2311,16569.55078,16610.94922,16444.55078,16530.69922,233600,06-06-2022,0,6
2312,16416.34961,16487.25,16347.09961,16469.59961,233800,07-06-2022,1,6
2313,16356.25,16514.30078,16293.34961,16474.94922,243500,08-06-2022,2,6
2314,16478.09961,16492.80078,16243.84961,16263.84961,205000,09-06-2022,3,6
2315,16201.7998,16324.7002,16172.59961,16283.9502,189700,10-06-2022,4,6
2316,15774.40039,15886.15039,15684.0,15877.5498,225500,13-06-2022,0,6
2317,15732.09961,15858.0,15659.4502,15674.25,225400,14-06-2022,1,6
2318,15692.15039,15783.65039,15678.90039,15729.25,183000,15-06-2022,2,6
2319,15360.59961,15863.15039,15335.09961,15832.25,264700,16-06-2022,3,6
2320,15293.5,15400.40039,15183.40039,15272.65039,342600,17-06-2022,4,6
2321,15350.15039,15382.5,15191.09961,15334.5,260000,20-06-2022,0,6
2322,15638.7998,15707.25,15419.84961,15455.9502,262800,21-06-2022,1,6
2323,15413.2998,15565.40039,15385.9502,15545.65039,220900,22-06-2022,2,6
2324,15556.65039,15628.4502,15367.5,15451.5498,259200,23-06-2022,3,6
2325,15699.25,15749.25,15619.4502,15657.40039,219600,24-06-2022,4,6
2326,15832.0498,15927.4502,15815.5,15926.2002,210900,27-06-2022,0,6
2327,15850.2002,15892.09961,15710.15039,15757.4502,251900,28-06-2022,1,6
2328,15799.09961,15861.59961,15687.7998,15701.7002,444900,29-06-2022,2,6
2329,15780.25,15890.0,15728.84961,15774.5,306000,30-06-2022,3,6
2330,15752.0498,15793.9502,15511.0498,15703.7002,364100,01-07-2022,4,7
2331,15835.34961,15852.34961,15661.7998,15710.5,304300,04-07-2022,0,7
2332,15810.84961,16025.75,15785.4502,15909.15039,254200,05-07-2022,1,7
2333,15989.7998,16011.34961,15800.90039,15818.2002,288400,06-07-2022,2,7
2334,16132.90039,16150.5,16045.9502,16113.75,264600,07-07-2022,3,7
2335,16220.59961,16275.5,16157.90039,16273.65039,281100,08-07-2022,4,7
2336,16216.0,16248.5498,16115.5,16136.15039,255900,11-07-2022,0,7
2337,16058.2998,16158.75,16031.15039,16126.2002,208600,12-07-2022,1,7
2338,15966.65039,16140.0,15950.15039,16128.2002,233300,13-07-2022,2,7
2339,15938.65039,16070.84961,15858.2002,16018.84961,228600,14-07-2022,3,7
2340,16049.2002,16066.9502,15927.2998,16010.7998,205800,15-07-2022,4,7
2341,16278.5,16287.9502,16142.2002,16151.40039,227700,18-07-2022,0,7
2342,16340.5498,16359.5,16187.0498,16187.0498,222600,19-07-2022,1,7
2343,16520.84961,16588.0,16490.94922,16562.80078,284400,20-07-2022,2,7
2344,16605.25,16626.94922,16483.90039,16523.55078,243600,21-07-2022,3,7
2345,16719.44922,16752.25,16610.90039,16661.25,190900,22-07-2022,4,7
2346,16631.0,16706.05078,16564.25,16662.55078,211400,25-07-2022,0,7
2347,16483.84961,16636.09961,16463.30078,16632.90039,208200,26-07-2022,1,7
2348,16641.80078,16653.44922,16438.75,16475.34961,185200,27-07-2022,2,7
2349,16929.59961,16947.65039,16746.25,16774.84961,376300,28-07-2022,3,7
2350,17158.25,17172.80078,17018.15039,17079.5,436100,29-07-2022,4,7
2351,17340.05078,17356.25,17154.80078,17243.19922,381500,01-08-2022,0,8
2352,17345.44922,17390.15039,17215.84961,17310.15039,333600,02-08-2022,1,8
2353,17388.15039,17407.5,17225.84961,17349.25,285400,03-08-2022,2,8
2354,17382.0,17490.69922,17161.25,17463.09961,325000,04-08-2022,3,8
2355,17397.5,17474.40039,17348.75,17423.65039,355300,05-08-2022,4,8
2356,17525.09961,17548.80078,17359.75,17401.5,257000,08-08-2022,0,8
2357,17534.75,17566.09961,17442.80078,17566.09961,312700,10-08-2022,2,8
2358,17659.0,17719.30078,17631.94922,17711.65039,311200,11-08-2022,3,8
2359,17698.15039,17724.65039,17597.84961,17659.65039,303900,12-08-2022,4,8
2360,17825.25,17839.09961,17764.05078,17797.19922,0,16-08-2022,1,8
2361,17944.25,17965.94922,17833.34961,17868.15039,262800,17-08-2022,2,8
2362,17956.5,17968.44922,17852.05078,17898.65039,263900,18-08-2022,3,8
2363,17758.44922,17992.19922,17710.75,17966.55078,295600,19-08-2022,4,8
2364,17490.69922,17690.05078,17467.34961,17682.90039,287600,22-08-2022,0,8
2365,17577.5,17625.55078,17345.19922,17357.34961,285600,23-08-2022,1,8
2366,17604.94922,17623.65039,17499.25,17525.44922,262000,24-08-2022,2,8
2367,17522.44922,17726.5,17487.44922,17679.0,230200,25-08-2022,3,8
2368,17558.90039,17685.84961,17519.34961,17619.30078,266600,26-08-2022,4,8
2369,17312.90039,17380.15039,17166.19922,17188.65039,244900,29-08-2022,0,8
2370,17759.30078,17777.65039,17401.5,17414.94922,324700,30-08-2022,1,8
2371,17542.80078,17695.59961,17468.44922,17485.69922,308500,01-09-2022,3,9
2372,17539.44922,17643.84961,17476.44922,17598.40039,256300,02-09-2022,4,9
2373,17665.80078,17683.15039,17540.34961,17546.44922,230300,05-09-2022,0,9
2374,17655.59961,17764.65039,17587.65039,17695.69922,251200,06-09-2022,1,9
2375,17624.40039,17650.75,17484.30078,17519.40039,354100,07-09-2022,2,9
2376,17798.75,17807.65039,17691.94922,17748.15039,279800,08-09-2022,3,9
2377,17833.34961,17925.94922,17786.0,17923.34961,270300,09-09-2022,4,9
2378,17936.34961,17980.55078,17889.15039,17890.84961,228200,12-09-2022,0,9
2379,18070.05078,18088.30078,18015.44922,18044.44922,259900,13-09-2022,1,9
2380,18003.75,18091.55078,17771.15039,17771.15039,365900,14-09-2022,2,9
2381,17877.40039,18096.15039,17861.5,18046.34961,289600,15-09-2022,3,9
2382,17530.84961,17820.05078,17497.25,17796.80078,468500,16-09-2022,4,9
2383,17622.25,17667.19922,17429.69922,17540.65039,258300,19-09-2022,0,9
2384,17816.25,17919.30078,17744.40039,17770.40039,263100,20-09-2022,1,9
2385,17718.34961,17838.69922,17663.59961,17766.34961,245500,21-09-2022,2,9
2386,17629.80078,17722.75,17532.44922,17609.65039,284100,22-09-2022,3,9
2387,17327.34961,17642.15039,17291.65039,17593.84961,390800,23-09-2022,4,9
2388,17016.30078,17196.40039,16978.30078,17156.30078,492000,26-09-2022,0,9
2389,17007.40039,17176.44922,16942.34961,17110.90039,359900,27-09-2022,1,9
2390,16858.59961,17037.59961,16820.40039,16870.55078,323900,28-09-2022,2,9
2391,16818.09961,17026.05078,16788.59961,16993.59961,340000,29-09-2022,3,9
2392,17094.34961,17187.09961,16747.69922,16798.05078,376100,30-09-2022,4,9
2393,16887.34961,17114.65039,16855.55078,17102.09961,278400,03-10-2022,0,10
2394,17274.30078,17287.30078,17117.30078,17147.44922,226000,04-10-2022,1,10
2395,17331.80078,17428.80078,17315.65039,17379.25,265500,06-10-2022,3,10
2396,17314.65039,17337.34961,17216.94922,17287.19922,216300,07-10-2022,4,10
2397,17241.0,17280.15039,17064.69922,17094.34961,234000,10-10-2022,0,10
2398,16983.55078,17261.80078,16950.30078,17256.05078,282600,11-10-2022,1,10
2399,17123.59961,17142.34961,16960.05078,17025.55078,256000,12-10-2022,2,10
2400,17014.34961,17112.34961,16956.94922,17087.34961,266400,13-10-2022,3,10
2401,17185.69922,17348.55078,17169.75,17322.30078,227000,14-10-2022,4,10
2402,17311.80078,17328.55078,17098.55078,17144.80078,212200,17-10-2022,0,10
2403,17486.94922,17527.80078,17434.05078,17438.75,239500,18-10-2022,1,10
2404,17512.25,17607.59961,17472.84961,17568.15039,210500,19-10-2022,2,10
2405,17563.94922,17584.15039,17421.0,17423.09961,249600,20-10-2022,3,10
2406,17576.30078,17670.15039,17520.75,17622.84961,277700,21-10-2022,4,10
2407,17730.75,17777.55078,17707.40039,17736.34961,45000,24-10-2022,0,10
2408,17656.34961,17811.5,17637.0,17808.30078,251400,25-10-2022,1,10
2409,17736.94922,17783.90039,17654.5,17771.40039,324600,27-10-2022,3,10
2410,17786.80078,17838.90039,17723.69922,17756.40039,250000,28-10-2022,4,10
2411,18012.19922,18022.80078,17899.90039,17910.19922,227200,31-10-2022,0,10
2412,18145.40039,18175.80078,18060.15039,18130.69922,349900,01-11-2022,1,11
2413,18082.84961,18178.75,18048.65039,18177.90039,270900,02-11-2022,2,11
2414,18052.69922,18106.30078,17959.19922,17968.34961,213000,03-11-2022,3,11
2415,18117.15039,18135.09961,18017.15039,18053.40039,267900,04-11-2022,4,11
2416,18202.80078,18255.5,18064.75,18211.75,314800,07-11-2022,0,11
2417,18157.0,18296.40039,18117.5,18288.25,307200,09-11-2022,2,11
2418,18028.19922,18103.09961,17969.40039,18044.34961,256500,10-11-2022,3,11
2419,18349.69922,18362.30078,18259.34961,18272.34961,378500,11-11-2022,4,11
2420,18329.15039,18399.44922,18311.40039,18376.40039,301400,14-11-2022,0,11
2421,18403.40039,18427.94922,18282.0,18362.75,250900,15-11-2022,1,11
2422,18409.65039,18442.15039,18344.15039,18398.25,219300,16-11-2022,2,11
2423,18343.90039,18417.59961,18312.94922,18358.69922,200500,17-11-2022,3,11
2424,18307.65039,18394.59961,18209.80078,18382.94922,198800,18-11-2022,4,11
2425,18159.94922,18262.30078,18133.34961,18246.40039,213800,21-11-2022,0,11
2426,18244.19922,18261.84961,18137.69922,18179.15039,177700,22-11-2022,1,11
2427,18267.25,18325.40039,18246.0,18325.19922,178800,23-11-2022,2,11
2428,18484.09961,18529.69922,18294.25,18326.09961,204000,24-11-2022,3,11
2429,18512.75,18534.90039,18445.09961,18528.44922,205900,25-11-2022,4,11
2430,18562.75,18614.25,18365.59961,18430.55078,206500,28-11-2022,0,11
2431,18618.05078,18678.09961,18552.15039,18552.44922,195300,29-11-2022,1,11
2432,18758.34961,18816.05078,18616.55078,18625.69922,345600,30-11-2022,2,11
2433,18812.5,18887.59961,18778.19922,18871.94922,325000,01-12-2022,3,12
2434,18696.09961,18781.94922,18639.19922,18752.40039,254400,02-12-2022,4,12
2435,18701.05078,18728.59961,18591.34961,18719.55078,288400,05-12-2022,0,12
2436,18642.75,18654.90039,18577.90039,18600.65039,217800,06-12-2022,1,12
2437,18560.5,18668.30078,18528.40039,18638.84961,200500,07-12-2022,2,12
2438,18609.34961,18625.0,18536.94922,18570.84961,202800,08-12-2022,3,12
2439,18496.59961,18664.69922,18410.09961,18662.40039,215800,09-12-2022,4,12
2440,18497.15039,18521.55078,18345.69922,18402.15039,193900,12-12-2022,0,12
2441,18608.0,18617.25,18490.19922,18524.40039,187600,13-12-2022,1,12
2442,18660.30078,18696.09961,18632.90039,18671.25,208000,14-12-2022,2,12
2443,18414.90039,18652.90039,18387.69922,18614.40039,183100,15-12-2022,3,12
2444,18269.0,18440.94922,18255.15039,18319.09961,277700,16-12-2022,4,12
2445,18420.44922,18431.65039,18244.55078,18288.09961,154800,19-12-2022,0,12
2446,18385.30078,18404.90039,18202.65039,18340.30078,169000,20-12-2022,1,12
2447,18199.09961,18473.34961,18162.75,18435.15039,187600,21-12-2022,2,12
2448,18127.34961,18318.75,18068.59961,18288.80078,195700,22-12-2022,3,12
2449,17806.80078,18050.44922,17779.5,17977.65039,221500,23-12-2022,4,12
2450,18014.59961,18084.09961,17774.25,17830.40039,176700,26-12-2022,0,12
2451,18132.30078,18149.25,17967.44922,18089.80078,214300,27-12-2022,1,12
2452,18122.5,18173.09961,18068.34961,18084.75,193900,28-12-2022,2,12
2453,18191.0,18229.69922,17992.80078,18045.69922,281100,29-12-2022,3,12
2454,18105.30078,18265.25,18080.30078,18259.09961,192000,30-12-2022,4,12
2455,18197.44922,18215.15039,18086.5,18131.69922,256100,02-01-2023,0,1
2456,18232.55078,18251.94922,18149.80078,18163.19922,208700,03-01-2023,1,1
2457,18042.94922,18243.0,18020.59961,18230.65039,235200,04-01-2023,2,1
2458,17992.15039,18120.30078,17892.59961,18101.94922,269900,05-01-2023,3,1
2459,17859.44922,18047.40039,17795.55078,18008.05078,238200,06-01-2023,4,1
2460,18101.19922,18141.40039,17936.15039,17952.55078,257200,09-01-2023,0,1
2461,17914.15039,18127.59961,17856.0,18121.30078,283300,10-01-2023,1,1
2462,17895.69922,17976.34961,17824.34961,17924.25,259900,11-01-2023,2,1
2463,17858.19922,17945.80078,17761.65039,17920.84961,227800,12-01-2023,3,1
2464,17956.59961,17999.34961,17774.25,17867.5,256700,13-01-2023,4,1
2465,17894.84961,18049.65039,17853.65039,18033.15039,206200,16-01-2023,0,1
2466,18053.30078,18072.05078,17886.94922,17922.80078,219100,17-01-2023,1,1
2467,18165.34961,18183.75,18032.44922,18074.30078,255800,18-01-2023,2,1
2468,18107.84961,18155.19922,18063.75,18119.80078,237800,19-01-2023,3,1
2469,18027.65039,18145.44922,18016.19922,18115.59961,237200,20-01-2023,4,1
2470,18118.55078,18162.59961,18063.44922,18118.44922,202500,23-01-2023,0,1
2471,18118.30078,18201.25,18078.65039,18183.94922,216900,24-01-2023,1,1
2472,17891.94922,18100.59961,17846.15039,18093.34961,257200,25-01-2023,2,1
2473,17604.34961,17884.75,17493.55078,17877.19922,476300,27-01-2023,4,1
2474,17648.94922,17709.15039,17405.55078,17541.94922,432400,30-01-2023,0,1
2475,17662.15039,17735.69922,17537.55078,17731.44922,398300,31-01-2023,1,1
2476,17616.30078,17972.19922,17353.40039,17811.59961,512900,01-02-2023,2,2
2477,17610.40039,17653.90039,17445.94922,17517.09961,490100,02-02-2023,3,2
2478,17854.05078,17870.30078,17584.19922,17721.75,424100,03-02-2023,4,2
2479,17764.59961,17823.69922,17698.34961,17818.55078,282500,06-02-2023,0,2
2480,17721.5,17811.15039,17652.55078,17790.09961,354400,07-02-2023,1,2
2481,17871.69922,17898.69922,17744.15039,17750.30078,291000,08-02-2023,2,2
2482,17893.44922,17916.90039,17779.80078,17885.5,260900,09-02-2023,3,2
2483,17856.5,17876.94922,17801.0,17847.55078,232000,10-02-2023,4,2
2484,17770.90039,17880.69922,17719.75,17859.09961,231300,13-02-2023,0,2
2485,17929.84961,17954.55078,17800.05078,17840.34961,244500,14-02-2023,1,2
2486,18015.84961,18034.09961,17853.80078,17896.59961,229300,15-02-2023,2,2
2487,18035.84961,18134.75,18000.65039,18094.75,230200,16-02-2023,3,2
2488,17944.19922,18034.25,17884.59961,17974.84961,208100,17-02-2023,4,2
2489,17844.59961,18004.34961,17818.40039,17965.55078,174600,20-02-2023,0,2
2490,17826.69922,17924.90039,17800.30078,17905.80078,198200,21-02-2023,1,2
2491,17554.30078,17772.5,17529.44922,17755.34961,204000,22-02-2023,2,2
2492,17511.25,17620.05078,17455.40039,17574.65039,240800,23-02-2023,3,2
2493,17465.80078,17599.75,17421.80078,17591.34961,209400,24-02-2023,4,2
2494,17392.69922,17451.59961,17299.0,17428.59961,246400,27-02-2023,0,2
2495,17303.94922,17440.44922,17255.19922,17383.25,420900,28-02-2023,1,2
2496,17450.90039,17467.75,17345.25,17360.09961,272900,01-03-2023,2,3
2497,17321.90039,17445.80078,17306.0,17421.5,310700,02-03-2023,3,3
2498,17594.34961,17644.75,17427.69922,17451.25,356200,03-03-2023,4,3
2499,17711.44922,17799.94922,17671.94922,17680.34961,362800,06-03-2023,0,3
2500,17754.40039,17766.5,17602.25,17665.75,267000,08-03-2023,2,3
2501,17589.59961,17772.34961,17573.59961,17772.05078,262400,09-03-2023,3,3
2502,17412.90039,17451.5,17324.34961,17443.80078,235900,10-03-2023,4,3
2503,17154.30078,17529.90039,17113.44922,17421.90039,254900,13-03-2023,0,3
2504,17043.30078,17224.65039,16987.09961,17160.55078,290600,14-03-2023,1,3
2505,16972.15039,17211.34961,16938.90039,17166.44922,248200,15-03-2023,2,3
2506,16985.59961,17062.44922,16850.15039,16994.65039,349800,16-03-2023,3,3
2507,17100.05078,17145.80078,16958.15039,17111.80078,408100,17-03-2023,4,3
2508,16988.40039,17066.59961,16828.34961,17066.59961,241800,20-03-2023,0,3
2509,17107.5,17127.69922,17016.0,17060.40039,246700,21-03-2023,1,3
2510,17151.90039,17207.25,17107.84961,17177.44922,0,22-03-2023,2,3
2511,17076.90039,17205.40039,17045.30078,17097.40039,219200,23-03-2023,3,3
2512,16945.05078,17109.44922,16917.34961,17076.19922,228000,24-03-2023,4,3
2513,16985.69922,17091.0,16918.55078,16984.30078,218400,27-03-2023,0,3
2514,16951.69922,17061.75,16913.75,17031.75,238800,28-03-2023,1,3
2515,17080.69922,17126.15039,16940.59961,16977.30078,345900,29-03-2023,2,3
2516,17359.75,17381.59961,17204.65039,17210.34961,263900,31-03-2023,4,3
2517,17398.05078,17428.05078,17312.75,17427.94922,230200,03-04-2023,0,4
2518,17557.05078,17570.55078,17402.69922,17422.30078,248300,05-04-2023,2,4
2519,17599.15039,17638.69922,17502.84961,17533.84961,242700,06-04-2023,3,4
2520,17624.05078,17694.09961,17597.94922,17634.90039,254800,10-04-2023,0,4
2521,17722.30078,17748.75,17655.15039,17704.80078,304300,11-04-2023,1,4
2522,17812.40039,17825.75,17717.25,17759.55078,232800,12-04-2023,2,4
2523,17828.0,17842.15039,17729.65039,17807.30078,285800,13-04-2023,3,4
2524,17706.84961,17863.0,17574.05078,17863.0,357400,17-04-2023,0,4
2525,17660.15039,17766.59961,17610.19922,17766.59961,258900,18-04-2023,1,4
2526,17618.75,17666.15039,17579.84961,17653.34961,281500,19-04-2023,2,4
2527,17624.44922,17684.44922,17584.34961,17638.59961,215100,20-04-2023,3,4
2528,17624.05078,17663.19922,17553.94922,17639.75,230200,21-04-2023,4,4
2529,17743.40039,17754.5,17612.5,17707.55078,255700,24-04-2023,0,4
2530,17769.25,17807.44922,17716.84961,17761.55078,297400,25-04-2023,1,4
2531,17813.59961,17827.75,17711.19922,17767.30078,233000,26-04-2023,2,4
2532,17915.05078,17931.59961,17797.90039,17813.09961,241400,27-04-2023,3,4
2533,18065.0,18089.15039,17885.30078,17950.40039,290300,28-04-2023,4,4
2534,18147.65039,18180.25,18101.75,18124.80078,265200,02-05-2023,1,5
2535,18089.84961,18116.34961,18042.40039,18113.80078,226200,03-05-2023,2,5
2536,18255.80078,18267.44922,18066.69922,18081.0,226600,04-05-2023,3,5
2537,18069.0,18216.94922,18055.44922,18117.30078,239700,05-05-2023,4,5
2538,18264.40039,18286.94922,18100.30078,18120.59961,228400,08-05-2023,0,5
2539,18265.94922,18344.19922,18229.65039,18303.40039,245400,09-05-2023,1,5
2540,18315.09961,18326.75,18211.94922,18313.59961,220500,10-05-2023,2,5
2541,18297.0,18389.69922,18270.40039,18357.80078,248900,11-05-2023,3,5
2542,18314.80078,18342.75,18194.55078,18273.75,241700,12-05-2023,4,5
2543,18398.84961,18458.90039,18287.90039,18339.30078,216100,15-05-2023,0,5
2544,18286.5,18432.34961,18264.34961,18432.34961,219500,16-05-2023,1,5
2545,18181.75,18309.0,18115.34961,18300.44922,229900,17-05-2023,2,5
2546,18129.94922,18297.19922,18104.84961,18287.5,272100,18-05-2023,3,5
2547,18203.40039,18218.09961,18060.40039,18186.15039,260900,19-05-2023,4,5
2548,18314.40039,18335.25,18178.84961,18201.09961,262600,22-05-2023,0,5
2549,18348.0,18419.75,18324.19922,18362.90039,270400,23-05-2023,1,5
2550,18285.40039,18392.59961,18262.94922,18294.80078,232600,24-05-2023,2,5
2551,18321.15039,18338.09961,18202.40039,18268.90039,235900,25-05-2023,3,5
2552,18499.34961,18508.55078,18333.15039,18368.34961,198700,26-05-2023,4,5
2553,18598.65039,18641.19922,18581.25,18619.15039,265300,29-05-2023,0,5
2554,18633.84961,18662.44922,18575.5,18606.65039,234400,30-05-2023,1,5
2555,18534.40039,18603.90039,18483.84961,18594.19922,696500,31-05-2023,2,5
2556,18487.75,18580.30078,18464.55078,18579.40039,265600,01-06-2023,3,6
2557,18534.09961,18573.69922,18478.40039,18550.84961,270900,02-06-2023,4,6
2558,18593.84961,18640.15039,18582.80078,18612.0,256100,05-06-2023,0,6
2559,18599.0,18622.75,18531.59961,18600.80078,220800,06-06-2023,1,6
2560,18726.40039,18738.94922,18636.0,18665.59961,260100,07-06-2023,2,6
2561,18634.55078,18777.90039,18615.59961,18725.34961,286500,08-06-2023,3,6
2562,18563.40039,18676.65039,18555.40039,18655.90039,221800,09-06-2023,4,6
2563,18601.5,18633.59961,18559.75,18595.05078,179500,12-06-2023,0,6
2564,18716.15039,18728.90039,18631.80078,18631.80078,233200,13-06-2023,1,6
2565,18755.90039,18769.69922,18690.0,18744.59961,261400,14-06-2023,2,6
2566,18688.09961,18794.09961,18669.05078,18774.44922,263000,15-06-2023,3,6
2567,18826.0,18864.69922,18710.5,18723.30078,272800,16-06-2023,4,6
2568,18755.44922,18881.44922,18719.15039,18873.30078,219800,19-06-2023,0,6
2569,18816.69922,18839.69922,18660.65039,18752.34961,211600,20-06-2023,1,6
2570,18856.84961,18875.90039,18794.84961,18849.40039,217500,21-06-2023,2,6
2571,18771.25,18886.59961,18759.5,18853.59961,252700,22-06-2023,3,6
2572,18665.5,18756.40039,18647.09961,18741.84961,210600,23-06-2023,4,6
2573,18691.19922,18722.05078,18646.69922,18682.34961,171300,26-06-2023,0,6
2574,18817.40039,18829.25,18714.25,18748.55078,222500,27-06-2023,1,6
2575,18972.09961,19011.25,18861.34961,18908.15039,398800,28-06-2023,2,6
2576,19189.05078,19201.69922,19024.59961,19076.84961,247900,30-06-2023,4,6
2577,19322.55078,19345.09961,19234.40039,19246.5,226100,03-07-2023,0,7
2578,19389.0,19434.15039,19300.0,19406.59961,226900,04-07-2023,1,7
2579,19398.5,19421.59961,19339.59961,19405.94922,224400,05-07-2023,2,7
2580,19497.30078,19512.19922,19373.0,19385.69922,268300,06-07-2023,3,7
2581,19331.80078,19523.59961,19303.59961,19422.80078,237100,07-07-2023,4,7
2582,19355.90039,19435.84961,19327.09961,19400.34961,268200,10-07-2023,0,7
2583,19439.40039,19515.09961,19406.44922,19427.09961,251300,11-07-2023,1,7
2584,19384.30078,19507.69922,19361.75,19497.44922,327900,12-07-2023,2,7
2585,19413.75,19567.0,19385.80078,19495.19922,310400,13-07-2023,3,7
2586,19564.5,19595.34961,19433.5,19493.44922,291200,14-07-2023,4,7
2587,19711.44922,19731.84961,19562.94922,19612.15039,268700,17-07-2023,0,7
2588,19749.25,19819.44922,19690.19922,19787.5,286400,18-07-2023,1,7
2589,19833.15039,19851.69922,19727.44922,19802.94922,259700,19-07-2023,2,7
2590,19979.15039,19991.84961,19758.40039,19831.69922,274700,20-07-2023,3,7
2591,19745.0,19887.40039,19700.0,19800.44922,312500,21-07-2023,4,7
2592,19672.34961,19782.75,19658.30078,19748.44922,265600,24-07-2023,0,7
2593,19680.59961,19729.34961,19615.94922,19729.34961,369700,25-07-2023,1,7
2594,19778.30078,19825.59961,19716.69922,19733.34961,244700,26-07-2023,2,7
2595,19659.90039,19867.55078,19603.55078,19850.90039,334900,27-07-2023,3,7
2596,19646.05078,19695.90039,19563.09961,19659.75,258700,28-07-2023,4,7
2597,19753.80078,19772.75,19597.59961,19666.34961,295100,31-07-2023,0,7
2598,19733.55078,19795.59961,19704.59961,19784.0,298000,01-08-2023,1,8
2599,19526.55078,19678.25,19423.55078,19655.40039,290700,02-08-2023,2,8
2600,19381.65039,19537.65039,19296.44922,19463.75,315700,03-08-2023,3,8
2601,19517.0,19538.84961,19436.44922,19462.80078,280800,04-08-2023,4,8
2602,19597.30078,19620.44922,19524.80078,19576.84961,216600,07-08-2023,0,8
2603,19570.84961,19634.40039,19533.09961,19627.19922,260300,08-08-2023,1,8
2604,19632.55078,19645.5,19467.5,19578.80078,266500,09-08-2023,2,8
2605,19543.09961,19623.59961,19495.40039,19605.55078,312200,10-08-2023,3,8
2606,19428.30078,19557.75,19412.75,19554.25,235500,11-08-2023,4,8
2607,19434.55078,19465.84961,19257.90039,19383.94922,243900,14-08-2023,0,8
2608,19465.0,19482.75,19317.19922,19369.0,0,16-08-2023,2,8
2609,19365.25,19461.55078,19326.25,19450.55078,268700,17-08-2023,3,8
2610,19310.15039,19373.80078,19253.59961,19301.75,256100,18-08-2023,4,8
2611,19393.59961,19425.94922,19296.30078,19320.65039,262600,21-08-2023,0,8
2612,19396.44922,19443.5,19381.30078,19417.09961,208700,22-08-2023,1,8
2613,19444.0,19472.05078,19366.59961,19439.19922,225200,23-08-2023,2,8
2614,19386.69922,19584.44922,19369.0,19535.15039,268300,24-08-2023,3,8
2615,19265.80078,19339.55078,19229.69922,19297.40039,466500,25-08-2023,4,8
2616,19306.05078,19366.84961,19249.69922,19298.34961,248200,28-08-2023,0,8
2617,19342.65039,19377.90039,19309.09961,19374.84961,307400,29-08-2023,1,8
2618,19347.44922,19452.80078,19334.75,19433.44922,233000,30-08-2023,2,8
2619,19253.80078,19388.19922,19223.65039,19375.55078,562600,31-08-2023,3,8
2620,19435.30078,19458.55078,19255.69922,19258.15039,333000,01-09-2023,4,9
2621,19528.80078,19545.15039,19432.84961,19525.05078,296800,04-09-2023,0,9
2622,19574.90039,19587.05078,19525.75,19564.65039,256800,05-09-2023,1,9
2623,19611.05078,19636.44922,19491.5,19581.19922,287600,06-09-2023,2,9
2624,19727.05078,19737.0,19550.05078,19598.65039,304900,07-09-2023,3,9
2625,19819.94922,19867.15039,19727.05078,19774.80078,288100,08-09-2023,4,9
2626,19996.34961,20008.15039,19865.34961,19890.0,248800,11-09-2023,0,9
2627,19993.19922,20110.34961,19914.65039,20110.15039,328100,12-09-2023,1,9
2628,20070.0,20096.90039,19944.09961,19989.5,251400,13-09-2023,2,9
2629,20103.09961,20167.65039,20043.44922,20127.94922,275100,14-09-2023,3,9
2630,20192.34961,20222.44922,20129.69922,20156.44922,438200,15-09-2023,4,9
2631,20133.30078,20195.34961,20115.69922,20155.94922,264900,18-09-2023,0,9
2632,19901.40039,20050.65039,19878.84961,19980.75,378100,20-09-2023,2,9
2633,19742.34961,19848.75,19709.94922,19840.55078,275100,21-09-2023,3,9
2634,19674.25,19798.65039,19657.5,19744.84961,246400,22-09-2023,4,9
2635,19674.55078,19734.15039,19601.55078,19678.19922,188400,25-09-2023,0,9
2636,19664.69922,19699.34961,19637.44922,19682.80078,204900,26-09-2023,1,9
2637,19716.44922,19730.69922,19554.0,19637.05078,203600,27-09-2023,2,9
2638,19523.55078,19766.65039,19492.09961,19761.80078,352800,28-09-2023,3,9
2639,19638.30078,19726.25,19551.05078,19581.19922,243500,29-09-2023,4,9
2640,19528.75,19623.19922,19479.65039,19622.40039,221700,03-10-2023,1,10
2641,19436.09961,19457.80078,19333.59961,19446.30078,277100,04-10-2023,2,10
2642,19545.75,19576.94922,19487.30078,19521.84961,234900,05-10-2023,3,10
2643,19653.5,19675.75,19589.40039,19621.19922,159100,06-10-2023,4,10
2644,19512.34961,19588.94922,19480.5,19539.44922,165100,09-10-2023,0,10
2645,19689.84961,19717.80078,19565.44922,19565.59961,216600,10-10-2023,1,10
2646,19811.34961,19839.19922,19756.94922,19767.0,213700,11-10-2023,2,10
2647,19794.0,19843.30078,19772.65039,19822.69922,217900,12-10-2023,3,10
2648,19751.05078,19805.40039,19635.30078,19654.55078,255000,13-10-2023,4,10
2649,19731.75,19781.30078,19691.84961,19737.25,181000,16-10-2023,0,10
2650,19811.5,19849.75,19775.65039,19843.19922,185800,17-10-2023,1,10
2651,19671.09961,19840.94922,19659.94922,19820.44922,198900,18-10-2023,2,10
2652,19624.69922,19681.80078,19512.34961,19545.19922,230300,19-10-2023,3,10
2653,19542.65039,19593.80078,19518.69922,19542.15039,198300,20-10-2023,4,10
2654,19281.75,19556.84961,19257.84961,19521.59961,176000,23-10-2023,0,10
2655,19122.15039,19347.30078,19074.15039,19286.44922,225300,25-10-2023,2,10
2656,18857.25,19041.69922,18837.84961,19027.25,300400,26-10-2023,3,10
2657,19047.25,19076.15039,18926.65039,18928.75,205200,27-10-2023,4,10
2658,19140.90039,19158.5,18940.0,19053.40039,180100,30-10-2023,0,10
2659,19079.59961,19233.69922,19056.44922,19232.94922,206000,31-10-2023,1,10
2660,18989.15039,19096.05078,18973.69922,19064.05078,194100,01-11-2023,2,11
2661,19133.25,19175.25,19064.15039,19120.0,245600,02-11-2023,3,11
2662,19230.59961,19276.25,19210.90039,19241.0,189500,03-11-2023,4,11
2663,19411.75,19423.0,19309.69922,19345.84961,180700,06-11-2023,0,11
2664,19406.69922,19423.5,19329.09961,19404.05078,198700,07-11-2023,1,11
2665,19443.5,19464.40039,19401.5,19449.59961,195000,08-11-2023,2,11
2666,19395.30078,19463.90039,19378.34961,19457.40039,208400,09-11-2023,3,11
2667,19425.34961,19451.30078,19329.44922,19351.84961,152200,10-11-2023,4,11
2668,19443.55078,19494.40039,19414.75,19486.75,189300,13-11-2023,0,11
2669,19675.44922,19693.19922,19579.65039,19651.40039,291500,15-11-2023,2,11
2670,19765.19922,19875.25,19627.0,19674.69922,282700,16-11-2023,3,11
2671,19731.80078,19806.0,19667.44922,19674.75,236800,17-11-2023,4,11
2672,19694.0,19756.44922,19670.5,19731.15039,173800,20-11-2023,0,11
2673,19783.40039,19829.09961,19754.05078,19770.90039,195000,21-11-2023,1,11
2674,19811.84961,19825.55078,19703.84961,19784.0,184500,22-11-2023,2,11
2675,19802.0,19875.15039,19786.75,19828.44922,170000,23-11-2023,3,11
2676,19794.69922,19832.84961,19768.84961,19809.59961,145900,24-11-2023,4,11
2677,19889.69922,19916.84961,19800.0,19844.65039,229600,28-11-2023,1,11
2678,20096.59961,20104.65039,19956.30078,19976.55078,236200,29-11-2023,2,11
2679,20133.15039,20158.69922,20015.84961,20108.5,486600,30-11-2023,3,11
2680,20267.90039,20291.55078,20183.69922,20194.09961,265800,01-12-2023,4,12
2681,20686.80078,20702.65039,20507.75,20601.94922,381100,04-12-2023,0,12
2682,20855.09961,20864.05078,20711.15039,20808.90039,421000,05-12-2023,1,12
2683,20937.69922,20961.94922,20852.15039,20950.75,359200,06-12-2023,2,12
2684,20901.15039,20941.25,20850.80078,20932.40039,275000,07-12-2023,3,12
2685,20969.40039,21006.09961,20862.69922,20934.09961,292400,08-12-2023,4,12
2686,20997.09961,21026.09961,20923.69922,20965.30078,212900,11-12-2023,0,12
2687,20906.40039,21037.90039,20867.15039,21018.55078,244900,12-12-2023,1,12
2688,20926.34961,20950.0,20769.5,20929.75,260300,13-12-2023,2,12
2689,21182.69922,21210.90039,21074.44922,21110.40039,334400,14-12-2023,3,12
2690,21456.65039,21492.30078,21235.30078,21287.44922,508800,15-12-2023,4,12
2691,21418.65039,21482.80078,21365.34961,21434.80078,249700,18-12-2023,0,12
2692,21453.09961,21505.05078,21337.75,21477.65039,249800,19-12-2023,1,12
2693,21150.15039,21593.0,21087.34961,21543.5,363900,20-12-2023,2,12
2694,21255.05078,21288.34961,20976.80078,21033.94922,277500,21-12-2023,3,12
2695,21349.40039,21390.5,21232.44922,21295.84961,284700,22-12-2023,4,12
2696,21441.34961,21477.15039,21329.44922,21365.19922,219500,26-12-2023,1,12
2697,21654.75,21675.75,21495.80078,21497.65039,256500,27-12-2023,2,12
2698,21778.69922,21801.44922,21678.0,21715.0,393100,28-12-2023,3,12
2699,21731.40039,21770.30078,21676.90039,21737.65039,270900,29-12-2023,4,12
2700,21741.90039,21834.34961,21680.84961,21727.75,154000,01-01-2024,0,1
2701,21665.80078,21755.59961,21555.65039,21751.34961,263700,02-01-2024,1,1
2702,21517.34961,21677.0,21500.34961,21661.09961,311900,03-01-2024,2,1
2703,21658.59961,21685.65039,21564.55078,21605.80078,339200,04-01-2024,3,1
2704,21710.80078,21749.59961,21629.19922,21705.75,309300,05-01-2024,4,1
2705,21513.0,21763.94922,21492.90039,21747.59961,231500,08-01-2024,0,1
2706,21544.84961,21724.44922,21517.84961,21653.59961,228600,09-01-2024,1,1
2707,21618.69922,21641.84961,21448.65039,21529.30078,217000,10-01-2024,2,1
2708,21647.19922,21726.5,21593.75,21688.0,212500,11-01-2024,3,1
2709,21894.55078,21928.25,21715.15039,21773.55078,294700,12-01-2024,4,1
2710,22097.44922,22115.55078,21963.55078,22053.15039,345500,15-01-2024,0,1
2711,22032.30078,22124.15039,21969.80078,22080.5,292400,16-01-2024,1,1
2712,21571.94922,21851.5,21550.44922,21647.25,456000,17-01-2024,2,1
2713,21462.25,21539.40039,21285.55078,21414.19922,387300,18-01-2024,3,1
2714,21622.40039,21670.59961,21575.0,21615.19922,343100,19-01-2024,4,1
2715,21238.80078,21750.25,21192.59961,21716.69922,449700,23-01-2024,1,1
2716,21453.94922,21482.34961,21137.19922,21185.25,407500,24-01-2024,2,1
2717,21352.59961,21459.0,21247.05078,21454.59961,418100,25-01-2024,3,1
2718,21737.59961,21763.25,21429.59961,21433.09961,376700,29-01-2024,0,1
2719,21522.09961,21813.05078,21501.80078,21775.75,375100,30-01-2024,1,1
2720,21725.69922,21741.34961,21448.84961,21487.25,410600,31-01-2024,2,1
2721,21697.44922,21832.94922,21658.75,21780.65039,332500,01-02-2024,3,2
2722,21853.80078,22126.80078,21805.55078,21812.75,442800,02-02-2024,4,2
2723,21771.69922,21964.30078,21726.94922,21921.05078,440800,05-02-2024,0,2
2724,21929.40039,21951.40039,21737.55078,21825.19922,371000,06-02-2024,1,2
2725,21930.5,22053.30078,21860.15039,22045.05078,346300,07-02-2024,2,2
2726,21717.94922,22011.05078,21665.30078,22009.65039,491100,08-02-2024,3,2
2727,21782.5,21804.44922,21629.90039,21727.0,349200,09-02-2024,4,2
2728,21616.05078,21831.69922,21574.75,21800.80078,287400,12-02-2024,0,2
2729,21743.25,21766.80078,21543.34961,21664.30078,365800,13-02-2024,1,2
2730,21840.05078,21870.84961,21530.19922,21578.15039,359100,14-02-2024,2,2
2731,21910.75,21953.84961,21794.80078,21906.55078,345400,15-02-2024,3,2
2732,22040.69922,22068.65039,21968.94922,22020.30078,343900,16-02-2024,4,2
2733,22122.25,22186.65039,22021.05078,22103.44922,0,19-02-2024,0,2
2734,22196.94922,22215.59961,22045.84961,22099.19922,295700,20-02-2024,1,2
2735,22055.05078,22249.40039,21997.94922,22248.84961,364500,21-02-2024,2,2
2736,22217.44922,22252.5,21875.25,22081.55078,343500,22-02-2024,3,2
2737,22212.69922,22297.5,22186.09961,22290.0,226000,23-02-2024,4,2
2738,22122.05078,22202.15039,22075.15039,22169.19922,207800,26-02-2024,0,2
2739,22198.34961,22218.25,22085.65039,22090.19922,252200,27-02-2024,1,2
2740,21951.15039,22229.15039,21915.84961,22214.09961,203000,28-02-2024,2,2
2741,21982.80078,22060.55078,21860.65039,21935.19922,360200,29-02-2024,3,2
2742,22338.75,22353.30078,22047.75,22048.30078,351500,01-03-2024,4,3
2743,22405.59961,22440.90039,22358.30078,22403.5,298800,04-03-2024,0,3
2744,22356.30078,22416.90039,22269.15039,22371.25,296200,05-03-2024,1,3
2745,22474.05078,22497.19922,22224.34961,22327.5,312300,06-03-2024,2,3
2746,22493.55078,22525.65039,22430.0,22505.30078,379900,07-03-2024,3,3
2747,22332.65039,22526.59961,22307.25,22517.5,277900,11-03-2024,0,3
2748,22335.69922,22452.55078,22256.0,22334.44922,299200,12-03-2024,1,3
2749,21997.69922,22446.75,21905.65039,22432.19922,493300,13-03-2024,2,3
2750,22146.65039,22204.59961,21917.5,21982.55078,426700,14-03-2024,3,3
2751,22023.34961,22120.90039,21931.69922,22064.84961,661500,15-03-2024,4,3
2752,22055.69922,22123.69922,21916.55078,21990.09961,356300,18-03-2024,0,3
2753,21817.44922,21978.30078,21793.09961,21946.44922,344200,19-03-2024,1,3
2754,21839.09961,21930.90039,21710.19922,21843.90039,312400,20-03-2024,2,3
2755,22011.94922,22080.94922,21941.30078,21989.90039,353200,21-03-2024,3,3
2756,22096.75,22180.69922,21883.30078,21932.19922,388700,22-03-2024,4,3
2757,22004.69922,22073.19922,21947.55078,21947.90039,328400,26-03-2024,1,3
2758,22123.65039,22193.59961,22052.84961,22053.94922,409100,27-03-2024,2,3
2759,22326.90039,22516.0,22163.59961,22163.59961,410500,28-03-2024,3,3
2760,22462.0,22529.94922,22427.75,22455.0,0,01-04-2024,0,4
2761,22453.30078,22497.59961,22388.15039,22458.80078,289500,02-04-2024,1,4
2762,22434.65039,22521.09961,22346.5,22385.69922,309600,03-04-2024,2,4
2763,22514.65039,22619.0,22303.80078,22592.09961,401000,04-04-2024,3,4
2764,22513.69922,22537.59961,22427.59961,22486.40039,242200,05-04-2024,4,4
2765,22666.30078,22697.30078,22550.34961,22578.34961,227600,08-04-2024,0,4
2766,22642.75,22768.40039,22612.25,22765.09961,232400,09-04-2024,1,4
2767,22753.80078,22775.69922,22673.69922,22720.25,276800,10-04-2024,2,4
2768,22519.40039,22726.44922,22503.75,22677.40039,357200,12-04-2024,4,4
2769,22272.5,22427.44922,22259.55078,22339.05078,355500,15-04-2024,0,4
2770,22147.90039,22213.75,22079.44922,22125.30078,317300,16-04-2024,1,4
2771,21995.84961,22326.5,21961.69922,22212.34961,456900,18-04-2024,3,4
2772,22147.0,22179.55078,21777.65039,21861.5,362500,19-04-2024,4,4
2773,22336.40039,22375.65039,22198.15039,22336.90039,279300,22-04-2024,0,4
2774,22368.0,22447.55078,22349.44922,22447.05078,231500,23-04-2024,1,4
2775,22402.40039,22476.44922,22384.0,22421.55078,235900,24-04-2024,2,4
2776,22570.34961,22625.94922,22305.25,22316.90039,475000,25-04-2024,3,4
2777,22419.94922,22620.40039,22385.55078,22620.40039,329900,26-04-2024,4,4
2778,22643.40039,22655.80078,22441.90039,22475.55078,292000,29-04-2024,0,4
2779,22604.84961,22783.34961,22568.40039,22679.65039,361900,30-04-2024,1,4
2780,22648.19922,22710.5,22567.84961,22567.84961,445900,02-05-2024,3,5
2781,22475.84961,22794.69922,22348.05078,22766.34961,438100,03-05-2024,4,5
2782,22442.69922,22588.80078,22409.44922,22561.59961,320300,06-05-2024,0,5
2783,22302.5,22499.05078,22232.05078,22489.75,297800,07-05-2024,1,5
2784,22302.5,22368.65039,22185.19922,22231.19922,277400,08-05-2024,2,5
2785,21957.5,22307.75,21932.40039,22224.80078,331300,09-05-2024,3,5
2786,22055.19922,22131.30078,21950.30078,21990.94922,265800,10-05-2024,4,5
2787,22104.05078,22131.65039,21821.05078,22027.94922,278200,13-05-2024,0,5
2788,22217.84961,22270.05078,22081.25,22112.90039,230200,14-05-2024,1,5
2789,22200.55078,22297.55078,22151.75,22255.59961,231900,15-05-2024,2,5
2790,22403.84961,22432.25,22054.55078,22319.19922,368900,16-05-2024,3,5
2791,22466.09961,22502.15039,22345.65039,22415.25,242700,17-05-2024,4,5
2792,22529.05078,22591.09961,22404.55078,22404.55078,347600,21-05-2024,1,5
2793,22597.80078,22629.5,22483.15039,22576.59961,290300,22-05-2024,2,5
2794,22967.65039,22993.59961,22577.44922,22614.09961,369800,23-05-2024,3,5
2795,22957.09961,23026.40039,22908.0,22930.75,261900,24-05-2024,4,5
2796,22932.44922,23110.80078,22871.19922,23038.94922,260000,27-05-2024,0,5
2797,22888.15039,22998.55078,22858.5,22977.15039,217900,28-05-2024,1,5
2798,22704.69922,22825.5,22685.44922,22762.75,269900,29-05-2024,2,5
2799,22488.65039,22705.75,22417.0,22617.44922,373400,30-05-2024,3,5
2800,22530.69922,22653.75,22465.09961,22568.09961,572100,31-05-2024,4,5
2801,23263.90039,23338.69922,23062.30078,23337.90039,569400,03-06-2024,0,6
2802,21884.5,23179.5,21281.44922,23179.5,1006100,04-06-2024,1,6
2803,22620.34961,22670.40039,21791.94922,22128.34961,638500,05-06-2024,2,6
2804,22821.40039,22910.15039,22642.59961,22798.59961,480400,06-06-2024,3,6
2805,23290.15039,23320.19922,22789.05078,22821.84961,473600,07-06-2024,4,6
2806,23259.19922,23411.90039,23227.15039,23319.15039,304400,10-06-2024,0,6
2807,23264.84961,23389.44922,23206.65039,23283.75,305200,11-06-2024,1,6
2808,23322.94922,23441.94922,23295.94922,23344.44922,295600,12-06-2024,2,6
2809,23398.90039,23481.05078,23353.90039,23480.94922,268300,13-06-2024,3,6
2810,23465.59961,23490.40039,23334.25,23464.94922,223100,14-06-2024,4,6
2811,23557.90039,23579.05078,23499.69922,23570.80078,272200,18-06-2024,1,6
2812,23516.0,23664.0,23412.90039,23629.84961,328800,19-06-2024,2,6
2813,23567.0,23624.0,23442.59961,23586.15039,280300,20-06-2024,3,6
2814,23501.09961,23667.09961,23398.19922,23661.15039,609900,21-06-2024,4,6
2815,23537.84961,23558.09961,23350.0,23382.30078,239400,24-06-2024,0,6
2816,23721.30078,23754.15039,23562.05078,23577.09961,298100,25-06-2024,1,6
2817,23868.80078,23889.90039,23670.44922,23723.09961,287800,26-06-2024,2,6
2818,24044.5,24087.44922,23805.40039,23881.55078,515200,27-06-2024,3,6
2819,24010.59961,24174.0,23985.80078,24085.90039,354800,28-06-2024,4,6
2820,24141.94922,24164.0,23992.69922,23992.94922,0,01-07-2024,0,7
2821,24123.84961,24236.34961,24056.40039,24228.75,0,02-07-2024,1,7
2822,24286.5,24309.15039,24207.09961,24291.75,0,03-07-2024,2,7
2823,24302.15039,24401.0,24281.0,24369.94922,251200,04-07-2024,3,7
2824,24323.84961,24363.0,24168.84961,24213.34961,298400,05-07-2024,4,7
2825,24320.55078,24344.59961,24240.55078,24329.44922,266300,08-07-2024,0,7
2826,24433.19922,24443.59961,24331.90039,24351.0,250500,09-07-2024,1,7
2827,24324.44922,24461.05078,24141.80078,24459.84961,292300,10-07-2024,2,7
2828,24315.94922,24402.65039,24193.75,24396.55078,306400,11-07-2024,3,7
2829,24502.15039,24592.19922,24331.15039,24387.94922,325800,12-07-2024,4,7
2830,24586.69922,24635.05078,24522.75,24587.59961,305400,15-07-2024,0,7
2831,24613.0,24661.25,24587.65039,24615.90039,283200,16-07-2024,1,7
2832,24800.84961,24837.75,24504.44922,24543.80078,350900,18-07-2024,3,7
2833,24530.90039,24854.80078,24508.15039,24853.80078,343800,19-07-2024,4,7
2834,24509.25,24595.19922,24362.30078,24445.75,324200,22-07-2024,0,7
2835,24479.05078,24582.55078,24074.19922,24568.90039,436400,23-07-2024,1,7
2836,24413.5,24504.25,24307.25,24444.94922,366600,24-07-2024,2,7
2837,24406.09961,24426.15039,24210.80078,24230.94922,391800,25-07-2024,3,7
2838,24834.84961,24861.15039,24410.90039,24423.34961,383800,26-07-2024,4,7
2839,24836.09961,24999.75,24774.59961,24943.30078,355000,29-07-2024,0,7
2840,24857.30078,24971.75,24798.65039,24839.40039,385000,30-07-2024,1,7
2841,24951.15039,24984.59961,24856.5,24886.69922,333600,31-07-2024,2,7
2842,25010.90039,25078.30078,24956.40039,25030.94922,431300,01-08-2024,3,8
2843,24717.69922,24851.90039,24686.84961,24789.0,345000,02-08-2024,4,8
2844,24055.59961,24350.05078,23893.69922,24302.84961,487000,05-08-2024,0,8
2845,23992.55078,24382.59961,23960.40039,24189.84961,312300,06-08-2024,1,8
2846,24297.5,24337.69922,24184.90039,24289.40039,317600,07-08-2024,2,8
2847,24117.0,24340.5,24079.69922,24248.55078,311900,08-08-2024,3,8
2848,24367.5,24419.75,24311.19922,24386.84961,215100,09-08-2024,4,8
2849,24347.0,24472.80078,24212.09961,24320.05078,279900,12-08-2024,0,8
2850,24139.0,24359.94922,24116.5,24342.34961,239700,13-08-2024,1,8
2851,24143.75,24196.5,24099.69922,24184.40039,303300,14-08-2024,2,8
2852,24541.15039,24563.90039,24204.5,24334.84961,271600,16-08-2024,4,8
2853,24572.65039,24638.80078,24522.94922,24636.34961,243600,19-08-2024,0,8
2854,24698.84961,24734.30078,24607.19922,24648.90039,238300,20-08-2024,1,8
2855,24770.19922,24787.94922,24654.5,24680.55078,257100,21-08-2024,2,8
2856,24811.5,24867.34961,24784.44922,24863.40039,220300,22-08-2024,3,8
2857,24823.15039,24858.40039,24771.65039,24845.40039,206800,23-08-2024,4,8
2858,25010.59961,25043.80078,24874.69922,24906.09961,210300,26-08-2024,0,8
2859,25017.75,25073.09961,24973.65039,25024.80078,223300,27-08-2024,1,8
2860,25052.34961,25129.59961,24964.65039,25030.80078,220400,28-08-2024,2,8
2861,25151.94922,25192.90039,24998.5,25035.30078,354000,29-08-2024,3,8
2862,25235.90039,25268.34961,25199.40039,25249.69922,638200,30-08-2024,4,8
2863,25278.69922,25333.65039,25235.5,25333.59961,222800,02-09-2024,0,9
2864,25279.84961,25321.69922,25235.80078,25313.40039,212100,03-09-2024,1,9
2865,25198.69922,25216.0,25083.80078,25089.94922,253800,04-09-2024,2,9
2866,25145.09961,25275.44922,25127.75,25250.5,222200,05-09-2024,3,9
2867,24852.15039,25168.75,24801.30078,25093.69922,311700,06-09-2024,4,9
2868,24936.40039,24957.5,24753.15039,24823.40039,254400,09-09-2024,0,9
2869,25041.09961,25130.5,24896.80078,24999.40039,251300,10-09-2024,1,9
2870,24918.44922,25113.69922,24885.15039,25034.0,279200,11-09-2024,2,9
2871,25388.90039,25433.34961,24941.44922,25059.65039,380100,12-09-2024,3,9
2872,25356.5,25430.5,25292.44922,25430.44922,250800,13-09-2024,4,9
2873,25383.75,25445.69922,25336.19922,25406.65039,168700,16-09-2024,0,9
2874,25418.55078,25441.65039,25352.25,25416.90039,216000,17-09-2024,1,9
2875,25377.55078,25482.19922,25285.55078,25402.40039,215700,18-09-2024,2,9
2876,25415.80078,25611.94922,25376.05078,25487.05078,314500,19-09-2024,3,9
2877,25790.94922,25849.25,25426.59961,25525.94922,533100,20-09-2024,4,9
2878,25939.05078,25956.0,25847.34961,25872.55078,209200,23-09-2024,0,9
2879,25940.40039,26011.55078,25886.84961,25921.44922,384100,24-09-2024,1,9
2880,26004.15039,26032.80078,25871.34961,25899.44922,278500,25-09-2024,2,9
2881,26216.05078,26250.90039,25998.40039,26005.40039,370900,26-09-2024,3,9
2882,26178.94922,26277.34961,26151.40039,26248.25,490300,27-09-2024,4,9
2883,25810.84961,26134.69922,25794.09961,26061.30078,343100,30-09-2024,0,9
2884,25796.90039,25907.59961,25739.19922,25788.44922,247400,01-10-2024,1,10
2885,25250.09961,25639.44922,25230.30078,25452.84961,423400,03-10-2024,3,10
2886,25014.59961,25485.05078,24966.80078,25181.90039,374900,04-10-2024,4,10
2887,24795.75,25143.0,24694.34961,25084.09961,374300,07-10-2024,0,10
2888,25013.15039,25044.0,24756.80078,24832.19922,333200,08-10-2024,1,10
2889,24981.94922,25234.05078,24947.69922,25065.80078,290600,09-10-2024,2,10
2890,24998.44922,25134.05078,24979.40039,25067.05078,261400,10-10-2024,3,10
2891,24964.25,25028.65039,24920.05078,24985.30078,210500,11-10-2024,4,10
2892,25127.94922,25159.75,25017.5,25023.44922,206400,14-10-2024,0,10
2893,25057.34961,25212.05078,25008.15039,25186.30078,257200,15-10-2024,1,10
2894,24971.30078,25093.40039,24908.44922,25008.55078,226800,16-10-2024,2,10
2895,24749.84961,25029.5,24728.90039,25027.40039,252800,17-10-2024,3,10
2896,24854.05078,24886.19922,24567.65039,24664.94922,290900,18-10-2024,4,10
2897,24781.09961,24978.30078,24679.59961,24956.15039,242000,21-10-2024,0,10
2898,24472.09961,24882.0,24445.80078,24798.65039,279500,22-10-2024,1,10
2899,24435.5,24604.25,24378.09961,24378.15039,284600,23-10-2024,2,10
2900,24399.40039,24480.65039,24341.19922,24412.69922,216700,24-10-2024,3,10
2901,24180.80078,24440.25,24073.90039,24418.05078,372600,25-10-2024,4,10
2902,24339.15039,24492.59961,24134.90039,24251.09961,278600,28-10-2024,0,10
2903,24466.84961,24484.5,24140.84961,24328.84961,332000,29-10-2024,1,10
2904,24340.84961,24498.19922,24307.30078,24371.44922,285200,30-10-2024,2,10
2905,24205.34961,24372.44922,24172.59961,24349.84961,287000,31-10-2024,3,10
2906,24304.34961,24368.25,24280.19922,24302.75,38800,01-11-2024,4,11
2907,23995.34961,24316.75,23816.15039,24315.75,285500,04-11-2024,0,11
2908,24213.30078,24229.05078,23842.75,23916.5,289500,05-11-2024,1,11
2909,24484.05078,24537.59961,24204.05078,24308.75,351100,06-11-2024,2,11
2910,24199.34961,24503.34961,24179.05078,24489.59961,322200,07-11-2024,3,11
2911,24148.19922,24276.15039,24066.65039,24207.69922,298700,08-11-2024,4,11
2912,24141.30078,24336.80078,24004.59961,24087.25,273400,11-11-2024,0,11
2913,23883.44922,24242.0,23839.15039,24225.80078,255800,12-11-2024,1,11
2914,23559.05078,23873.59961,23509.59961,23822.44922,304600,13-11-2024,2,11
2915,23532.69922,23675.90039,23484.15039,23542.15039,257700,14-11-2024,3,11
2916,23453.80078,23606.80078,23350.40039,23605.30078,263300,18-11-2024,0,11
2917,23518.5,23780.65039,23464.80078,23529.55078,297500,19-11-2024,1,11
2918,23349.90039,23507.30078,23263.15039,23488.44922,420300,21-11-2024,3,11
2919,23907.25,23956.09961,23359.0,23411.80078,367600,22-11-2024,4,11
2920,24221.90039,24351.55078,24135.44922,24253.55078,687200,25-11-2024,0,11
2921,24194.5,24343.30078,24125.40039,24343.30078,230700,26-11-2024,1,11
2922,24274.90039,24354.55078,24145.65039,24204.80078,295000,27-11-2024,2,11
2923,23914.15039,24345.75,23873.34961,24274.15039,366700,28-11-2024,3,11
2924,24131.09961,24188.44922,23927.15039,23927.15039,282100,29-11-2024,4,11
2925,24276.05078,24301.69922,24008.65039,24140.84961,220400,02-12-2024,0,12
2926,24457.15039,24481.34961,24280.0,24367.5,339500,03-12-2024,1,12
2927,24467.44922,24573.19922,24366.30078,24488.75,348000,04-12-2024,2,12
2928,24708.40039,24857.75,24295.55078,24539.15039,361500,05-12-2024,3,12
2929,24677.80078,24751.05078,24620.5,24729.44922,226700,06-12-2024,4,12
2930,24619.0,24705.0,24580.05078,24633.90039,248100,09-12-2024,0,12
2931,24610.05078,24677.80078,24510.65039,24652.65039,261000,10-12-2024,1,12
2932,24641.80078,24691.75,24583.84961,24620.5,187300,11-12-2024,2,12
2933,24548.69922,24675.25,24527.94922,24604.44922,266100,12-12-2024,3,12
2934,24768.30078,24792.30078,24180.80078,24498.34961,310100,13-12-2024,4,12
2935,24668.25,24781.25,24601.75,24753.40039,187600,16-12-2024,0,12
2936,24336.0,24624.09961,24303.44922,24584.80078,264900,17-12-2024,1,12
2937,24198.84961,24394.44922,24149.84961,24297.94922,235300,18-12-2024,2,12
2938,23951.69922,24004.90039,23870.30078,23877.15039,271100,19-12-2024,3,12
2939,23587.5,24065.80078,23537.34961,23960.69922,442700,20-12-2024,4,12
2940,23753.44922,23869.55078,23647.19922,23738.19922,189800,23-12-2024,0,12
2941,23727.65039,23867.65039,23685.15039,23769.09961,177700,24-12-2024,1,12
2942,23750.19922,23854.5,23653.59961,23775.80078,177700,26-12-2024,3,12
2943,23813.40039,23938.84961,23800.59961,23801.40039,176800,27-12-2024,4,12
2944,23644.90039,23915.34961,23599.30078,23796.90039,364900,30-12-2024,0,12
